collected_at,source,region,childRealTimeBed,childTotalBed,emogCode,emogDesc,emogDstr,emogGrdc2,emogLoca,generalRealTimeBed,generalTotalBed,id,isoRealTimeBed,isoTotalBed,regionCode,updateDate,wholeRealTimeBed,wholeTotalBed
2026-06-21 01:19:01,mediboard,서울특별시,0,0,A1100011,가톨릭대학교여의도성모병원,1120,C,11,12,15,54200224,5,5,11,2026-06-21T01:15:10.138465,17,20
2026-06-21 01:19:01,mediboard,서울특별시,8,8,A1121013,가톨릭대학교은평성모병원,1122,C,11,13,24,54200445,4,4,11,2026-06-21T01:15:10.138465,25,36
2026-06-21 01:19:01,mediboard,서울특별시,3,3,A1100043,강동경희대학교병원,1102,A,11,8,15,54200118,3,5,11,2026-06-21T01:15:10.138465,14,23
2026-06-21 01:19:01,mediboard,서울특별시,2,2,A1100006,강북삼성병원,1123,C,11,11,15,54200439,2,3,11,2026-06-21T01:15:10.138465,15,20
2026-06-21 01:19:01,mediboard,서울특별시,4,4,A1100002,건국대학교병원,1106,C,11,11,20,54200337,3,3,11,2026-06-21T01:15:10.138465,18,27
2026-06-21 01:19:01,mediboard,서울특별시,0,0,A1100039,경찰병원,1118,D,11,2,3,54200342,2,2,11,2026-06-21T01:15:10.138465,4,5
2026-06-21 01:19:01,mediboard,서울특별시,3,3,A1100001,경희대학교병원,1111,C,11,12,15,54200279,5,5,11,2026-06-21T01:15:10.138465,20,23
2026-06-21 01:19:01,mediboard,서울특별시,3,3,A1100014,고려대학교의과대학부속구로병원,1107,A,11,11,29,54200225,3,5,11,2026-06-21T01:15:10.138465,17,37
2026-06-21 01:19:01,mediboard,서울특별시,0,0,A1100026,구로성심병원,1107,D,11,7,9,54200442,1,1,11,2026-06-21T01:15:10.138465,8,10
2026-06-21 01:19:01,mediboard,서울특별시,3,3,A1100052,국립중앙의료원,1124,C,11,14,17,54200389,9,10,11,2026-06-21T01:15:10.138465,26,30
2026-06-21 01:19:01,mediboard,서울특별시,0,0,A1122033,기쁨병원,1115,D,11,2,4,54200072,1,1,11,2026-06-21T01:15:10.138465,3,5
2026-06-21 01:19:01,mediboard,서울특별시,0,0,A1100048,노원을지대학교병원,1109,C,11,13,17,54200070,5,5,11,2026-06-21T01:15:10.138465,18,22
2026-06-21 01:19:01,mediboard,서울특별시,0,0,A1100044,녹색병원,1125,D,11,4,5,54200388,5,5,11,2026-06-21T01:15:10.138465,9,10
2026-06-21 01:19:01,mediboard,서울특별시,0,0,A1100037,대림성모병원,1120,D,11,8,8,54200228,1,2,11,2026-06-21T01:15:10.138465,9,10
2026-06-21 01:19:01,mediboard,서울특별시,0,0,A1100024,명지성모병원,1120,D,11,8,8,54200068,2,2,11,2026-06-21T01:15:10.138465,10,10
2026-06-21 01:19:01,mediboard,서울특별시,0,0,A1100036,부민병원,1104,D,11,7,10,54200443,1,1,11,2026-06-21T01:15:10.138465,8,11
2026-06-21 01:19:01,mediboard,서울특별시,4,4,A1100010,삼성서울병원,1101,C,11,3,52,54200338,3,4,11,2026-06-21T01:15:10.138465,10,60
2026-06-21 01:19:01,mediboard,서울특별시,0,0,A1100021,삼육서울병원,1111,C,11,11,13,54200339,6,7,11,2026-06-21T01:15:10.138465,17,20
2026-06-21 01:19:01,mediboard,서울특별시,10,12,A1100017,서울대학교병원,1123,A,11,-4,24,54200067,8,8,11,2026-06-21T01:15:10.138465,12,42
2026-06-21 01:19:01,mediboard,서울특별시,0,0,A1100050,서울성심병원,1111,D,11,13,17,54200343,3,3,11,2026-06-21T01:15:10.138465,16,20
2026-06-21 01:19:01,mediboard,서울특별시,0,0,A1100029,서울적십자병원,1123,D,11,5,10,54200169,0,1,11,2026-06-21T01:15:10.138465,5,11
2026-06-21 01:19:01,mediboard,서울특별시,0,0,A1100022,서울특별시동부병원,1111,D,11,8,8,54200115,2,2,11,2026-06-21T01:15:10.138465,10,10
2026-06-21 01:19:01,mediboard,서울특별시,3,3,A1100040,서울특별시보라매병원,1112,C,11,21,31,54200170,3,3,11,2026-06-21T01:15:10.138465,27,37
2026-06-21 01:19:01,mediboard,서울특별시,0,0,A1100223,서울특별시서남병원,1119,D,11,5,6,54200119,2,2,11,2026-06-21T01:15:10.138465,7,8
2026-06-21 01:19:01,mediboard,서울특별시,1,3,A1100035,서울특별시서울의료원,1125,A,11,9,19,54200341,5,5,11,2026-06-21T01:15:10.138465,15,27
2026-06-21 01:19:01,mediboard,서울특별시,0,0,A1100028,성심의료재단강동성심병원,1102,C,11,9,15,54200340,9,9,11,2026-06-21T01:15:10.138465,18,24
2026-06-21 01:19:01,mediboard,서울특별시,0,0,A1100054,성애의료재단성애병원,1120,C,11,11,15,54200390,5,11,11,2026-06-21T01:15:10.138465,16,26
2026-06-21 01:19:01,mediboard,서울특별시,0,0,A1100032,세란병원,1123,D,11,9,10,54200227,1,1,11,2026-06-21T01:15:10.138465,10,11
2026-06-21 01:19:01,mediboard,서울특별시,3,4,A1100004,순천향대학교부속서울병원,1121,C,11,16,20,54200223,3,3,11,2026-06-21T01:15:10.138465,22,27
2026-06-21 01:19:01,mediboard,서울특별시,0,0,A1100045,씨엠병원,1120,D,11,10,10,54200283,0,0,11,2026-06-21T01:15:10.138465,10,10
2026-06-21 01:19:01,mediboard,서울특별시,2,2,A1100015,연세대학교의과대학강남세브란스병원,1101,C,11,5,21,54200441,2,3,11,2026-06-21T01:15:10.138465,9,26
2026-06-21 01:19:01,mediboard,서울특별시,6,10,A1100007,연세대학교의과대학세브란스병원,1114,C,11,15,39,54200385,6,6,11,2026-06-21T01:15:10.138465,25,53
2026-06-21 01:19:01,mediboard,서울특별시,0,0,A1100025,의료법인동신의료재단동신병원,1114,D,11,8,9,54200387,1,1,11,2026-06-21T01:15:10.138465,9,10
2026-06-21 01:19:01,mediboard,서울특별시,0,0,A1100041,의료법인서울효천의료재단에이치플러스양지병원,1105,C,11,11,18,54200117,3,3,11,2026-06-21T01:15:10.138465,14,21
2026-06-21 01:19:01,mediboard,서울특별시,0,0,A1100023,의료법인청구성심병원,1122,D,11,9,10,54200116,1,1,11,2026-06-21T01:15:10.138465,10,11
2026-06-21 01:19:01,mediboard,서울특별시,0,0,A1100075,의료법인풍산의료재단동부제일병원,1125,D,11,5,7,54200071,1,1,11,2026-06-21T01:15:10.138465,6,8
2026-06-21 01:19:01,mediboard,서울특별시,2,2,A1100020,의료법인한전의료재단한일병원,1110,C,11,7,21,54200282,4,4,11,2026-06-21T01:15:10.138465,13,27
2026-06-21 01:19:01,mediboard,서울특별시,8,8,A1100005,이화여자대학교의과대학부속목동병원,1119,A,11,10,19,54200384,6,6,11,2026-06-21T01:15:10.138465,24,33
2026-06-21 01:19:01,mediboard,서울특별시,0,9,A1120796,이화여자대학교의과대학부속서울병원,1104,C,11,0,14,54200344,5,6,11,2026-06-21T01:15:10.138465,5,29
2026-06-21 01:19:01,mediboard,서울특별시,0,0,A1100016,인제대학교상계백병원,1109,C,11,10,16,54200386,7,7,11,2026-06-21T01:15:10.138465,17,23
2026-06-21 01:19:01,mediboard,서울특별시,4,14,A1100009,재단법인아산사회복지재단서울아산병원,1118,C,11,1,36,54200281,18,26,11,2026-06-21T01:15:10.138465,20,73
2026-06-21 01:19:01,mediboard,서울특별시,4,4,A1100003,중앙대학교병원,1112,C,11,6,18,54200222,0,0,11,2026-06-21T01:15:10.138465,10,22
2026-06-21 01:19:01,mediboard,서울특별시,6,9,A1100012,학교법인가톨릭학원가톨릭대학교서울성모병원,1115,C,11,10,28,54200168,6,8,11,2026-06-21T01:15:10.138465,21,43
2026-06-21 01:19:01,mediboard,서울특별시,4,4,A1100008,학교법인고려중앙학원고려대학교의과대학부속병원(안암병원),1117,A,11,19,30,54200280,6,9,11,2026-06-21T01:15:10.138465,29,43
2026-06-21 01:19:01,mediboard,서울특별시,0,0,A1100053,한국보훈복지의료공단중앙보훈병원,1102,C,11,19,22,54200229,3,3,11,2026-06-21T01:15:10.138465,22,25
2026-06-21 01:19:01,mediboard,서울특별시,0,0,A1100027,한국원자력의학원원자력병원,1109,D,11,8,9,54200069,3,3,11,2026-06-21T01:15:10.138465,11,12
2026-06-21 01:19:01,mediboard,서울특별시,3,3,A1100055,한림대학교강남성심병원,1120,C,11,16,20,54200285,5,5,11,2026-06-21T01:15:10.138465,24,28
2026-06-21 01:19:01,mediboard,서울특별시,3,3,A1100013,한양대학교병원,1116,A,11,5,20,54200440,8,12,11,2026-06-21T01:15:10.138465,16,35
2026-06-21 01:19:01,mediboard,서울특별시,0,0,A1100051,혜민병원,1106,D,11,8,9,54200284,1,1,11,2026-06-21T01:15:10.138465,9,10
2026-06-21 01:19:01,mediboard,서울특별시,0,0,A1100019,홍익병원,1119,D,11,6,9,54200226,1,1,11,2026-06-21T01:15:10.138465,7,10
2026-06-21 01:19:01,mediboard,서울특별시,0,0,A1100049,희명병원,1108,D,11,9,10,54200444,1,1,11,2026-06-21T01:15:10.138465,10,11
2026-06-21 01:19:01,mediboard,부산광역시,0,0,A1200028,(의)서일의료재단기장병원,1203,D,12,8,9,54200346,1,1,12,2026-06-21T01:15:10.138465,9,10
2026-06-21 01:19:01,mediboard,부산광역시,0,0,A1200004,고신대학교복음병원,1211,C,12,19,25,54200120,5,5,12,2026-06-21T01:15:10.138465,24,30
2026-06-21 01:19:01,mediboard,부산광역시,0,0,A1200045,구포성심병원,1208,D,12,6,9,54200175,1,1,12,2026-06-21T01:15:10.138465,7,10
2026-06-21 01:19:01,mediboard,부산광역시,3,3,A1200018,대동병원,1206,C,12,8,15,54200232,3,3,12,2026-06-21T01:15:10.138465,14,21
2026-06-21 01:19:01,mediboard,부산광역시,0,0,A1200015,동남권원자력의학원원자력병원,1203,D,12,8,9,54200289,1,1,12,2026-06-21T01:15:10.138465,9,10
2026-06-21 01:19:01,mediboard,부산광역시,0,0,A1200011,동래봉생병원,1206,D,12,4,8,54200393,2,2,12,2026-06-21T01:15:10.138465,6,10
2026-06-21 01:19:01,mediboard,부산광역시,3,3,A1200003,동아대학교병원,1211,A,12,14,19,54200446,5,5,12,2026-06-21T01:15:10.138465,22,27
2026-06-21 01:19:01,mediboard,부산광역시,0,0,A1200024,부산광역시의료원,1213,D,12,18,18,54200395,2,8,12,2026-06-21T01:15:10.138465,20,26
2026-06-21 01:19:01,mediboard,부산광역시,3,3,A1200002,부산대학교병원,1211,C,12,13,19,54200073,2,3,12,2026-06-21T01:15:10.138465,18,25
2026-06-21 01:19:01,mediboard,부산광역시,4,4,A1200013,부산성모병원(재단법인 천주교부산교구유지재단),1204,D,12,7,10,54200288,5,5,12,2026-06-21T01:15:10.138465,16,19
2026-06-21 01:19:01,mediboard,부산광역시,0,0,A1200007,비에이치에스한서병원,1212,C,12,14,17,54200287,3,3,12,2026-06-21T01:15:10.138465,17,20
2026-06-21 01:19:01,mediboard,부산광역시,0,0,A1200021,삼육부산병원,1211,D,12,7,9,54200173,1,1,12,2026-06-21T01:15:10.138465,8,10
2026-06-21 01:19:01,mediboard,부산광역시,0,0,A1200014,영도병원,1214,D,12,6,7,54200172,2,2,12,2026-06-21T01:15:10.138465,8,9
2026-06-21 01:19:01,mediboard,부산광역시,0,0,A1200009,의료법인 광혜의료재단 광혜병원,1206,D,12,9,9,54200392,3,3,12,2026-06-21T01:15:10.138465,12,12
2026-06-21 01:19:01,mediboard,부산광역시,0,0,A1200098,의료법인 센텀의료재단 센텀종합병원,1212,D,12,6,9,54200290,1,1,12,2026-06-21T01:15:10.138465,7,10
2026-06-21 01:19:01,mediboard,부산광역시,0,0,A1200020,의료법인 온그룹의료재단 온병원,1207,C,12,17,20,54200074,3,3,12,2026-06-21T01:15:10.138465,20,23
2026-06-21 01:19:01,mediboard,부산광역시,0,0,A1200008,의료법인 은성의료재단 좋은강안병원,1212,D,12,9,15,54200230,2,2,12,2026-06-21T01:15:10.138465,11,17
2026-06-21 01:19:01,mediboard,부산광역시,1,1,A1200005,의료법인 은성의료재단 좋은삼선병원,1209,C,12,11,13,54200171,5,6,12,2026-06-21T01:15:10.138465,17,20
2026-06-21 01:19:01,mediboard,부산광역시,0,0,A1200006,의료법인 인당의료재단 부민병원,1208,D,12,6,10,54200391,2,2,12,2026-06-21T01:15:10.138465,8,12
2026-06-21 01:19:01,mediboard,부산광역시,0,0,A1205143,의료법인 인당의료재단 해운대부민병원,1216,D,12,5,9,54200347,1,1,12,2026-06-21T01:15:10.138465,6,10
2026-06-21 01:19:01,mediboard,부산광역시,0,0,A1200012,의료법인 행도의료재단 해동병원,1214,D,12,5,6,54200121,1,1,12,2026-06-21T01:15:10.138465,6,7
2026-06-21 01:19:01,mediboard,부산광역시,0,0,A1200017,의료법인정화의료재단 봉생기념병원,1205,D,12,8,9,54200231,0,2,12,2026-06-21T01:15:10.138465,8,11
2026-06-21 01:19:01,mediboard,부산광역시,0,3,A1200022,인제대학교 해운대백병원,1216,A,12,23,29,54200345,5,5,12,2026-06-21T01:15:10.138465,28,37
2026-06-21 01:19:01,mediboard,부산광역시,0,0,A1200001,인제대학교부산백병원,1207,C,12,24,32,54200286,3,3,12,2026-06-21T01:15:10.138465,27,35
2026-06-21 01:19:01,mediboard,부산광역시,0,0,A1200023,재단법인천주교부산교구유지재단 메리놀병원,1215,D,12,7,9,54200174,1,1,12,2026-06-21T01:15:10.138465,8,10
2026-06-21 01:19:01,mediboard,부산광역시,2,2,A1200026,좋은문화병원,1205,D,12,5,7,54200076,3,3,12,2026-06-21T01:15:10.138465,10,12
2026-06-21 01:19:01,mediboard,부산광역시,0,0,A1200025,학교법인 춘해병원,1207,D,12,6,9,54200075,1,1,12,2026-06-21T01:15:10.138465,7,10
2026-06-21 01:19:01,mediboard,부산광역시,0,0,A1200019,학교법인)동의병원,1207,D,12,14,14,54200122,1,1,12,2026-06-21T01:15:10.138465,15,15
2026-06-21 01:19:01,mediboard,부산광역시,0,0,A1200016,한국보훈복지의료공단 부산보훈병원,1209,D,12,9,11,54200394,2,2,12,2026-06-21T01:15:10.138465,11,13
2026-06-21 01:19:01,mediboard,인천광역시,0,0,A1300081,(재)미리내천주성삼성직수도회천주성삼병원,1307,D,13,5,9,54200292,1,2,13,2026-06-21T01:15:10.138465,6,11
2026-06-21 01:19:01,mediboard,인천광역시,0,0,A1300018,강남종합병원,1304,D,13,14,15,54200400,1,1,13,2026-06-21T01:15:10.138465,15,16
2026-06-21 01:19:01,mediboard,인천광역시,4,4,A1300002,경북대학교병원,1308,A,13,16,27,54200396,5,5,13,2026-06-21T01:15:10.138465,25,36
2026-06-21 01:19:01,mediboard,인천광역시,0,0,A1303386,계명대학교대구동산병원,1308,D,13,11,12,54200124,2,2,13,2026-06-21T01:15:10.138465,13,14
2026-06-21 01:19:01,mediboard,인천광역시,0,0,A1300003,계명대학교동산병원,1302,C,13,15,23,54200077,1,3,13,2026-06-21T01:15:10.138465,16,26
2026-06-21 01:19:01,mediboard,인천광역시,0,0,A1300008,곽병원,1308,D,13,8,10,54200399,2,2,13,2026-06-21T01:15:10.138465,10,12
2026-06-21 01:19:01,mediboard,인천광역시,0,0,A1300038,나사렛종합병원,1302,D,13,7,9,54200447,2,10,13,2026-06-21T01:15:10.138465,9,19
2026-06-21 01:19:01,mediboard,인천광역시,0,0,A1300004,대구가톨릭대학교병원,1301,C,13,20,24,54200177,4,4,13,2026-06-21T01:15:10.138465,24,28
2026-06-21 01:19:01,mediboard,인천광역시,0,0,A1300005,대구가톨릭대학교칠곡가톨릭병원,1305,D,13,8,9,54200397,1,1,13,2026-06-21T01:15:10.138465,9,10
2026-06-21 01:19:01,mediboard,인천광역시,0,0,A1300076,대구굿모닝병원,1306,D,13,14,17,54200401,2,2,13,2026-06-21T01:15:10.138465,16,19
2026-06-21 01:19:01,mediboard,인천광역시,0,0,A1300007,대구의료원,1306,D,13,16,18,54200398,2,2,13,2026-06-21T01:15:10.138465,18,20
2026-06-21 01:19:01,mediboard,인천광역시,1,5,A1300009,대구파티마병원,1304,C,13,5,25,54200178,6,7,13,2026-06-21T01:15:10.138465,12,37
2026-06-21 01:19:01,mediboard,인천광역시,0,0,A1300110,더블유병원,1302,D,13,9,10,54200233,1,1,13,2026-06-21T01:15:10.138465,10,11
2026-06-21 01:19:01,mediboard,인천광역시,0,0,A1300034,드림종합병원,1301,D,13,7,8,54200291,2,2,13,2026-06-21T01:15:10.138465,9,10
2026-06-21 01:19:01,mediboard,인천광역시,0,0,A1300045,삼일병원,1302,D,13,10,14,54200180,1,1,13,2026-06-21T01:15:10.138465,11,15
2026-06-21 01:19:01,mediboard,인천광역시,3,3,A1300001,영남대학교병원,1301,A,13,21,28,54200176,5,5,13,2026-06-21T01:15:10.138465,29,36
2026-06-21 01:19:01,mediboard,인천광역시,0,0,A1300006,의료법인구의료재단구병원,1302,D,13,9,10,54200123,1,1,13,2026-06-21T01:15:10.138465,10,11
2026-06-21 01:19:01,mediboard,인천광역시,8,9,A1300010,칠곡경북대학교병원,1305,C,13,19,23,54200348,6,6,13,2026-06-21T01:15:10.138465,31,36
2026-06-21 01:19:01,mediboard,인천광역시,0,0,A1300011,한국보훈복지의료공단대구보훈병원,1302,D,13,11,12,54200179,2,2,13,2026-06-21T01:15:10.138465,13,14
2026-06-21 01:19:01,mediboard,대구광역시,0,0,A1400008,(의)성세의료재단 뉴성민병원,1407,D,14,9,9,54200126,1,1,14,2026-06-21T01:15:10.138465,10,10
2026-06-21 01:19:01,mediboard,대구광역시,3,3,A1400015,가톨릭관동대학교국제성모병원,1407,C,14,15,23,54200236,4,5,14,2026-06-21T01:15:10.138465,22,31
2026-06-21 01:19:01,mediboard,대구광역시,3,4,A1400012,가톨릭대학교 인천성모병원,1406,C,14,6,19,54200350,7,8,14,2026-06-21T01:15:10.138465,16,31
2026-06-21 01:19:01,mediboard,대구광역시,0,0,A1400010,검단탑병원,1407,C,14,16,18,54200078,3,3,14,2026-06-21T01:15:10.138465,19,21
2026-06-21 01:19:01,mediboard,대구광역시,0,0,A1403617,비에스종합병원,1401,D,14,6,10,54200295,1,1,14,2026-06-21T01:15:10.138465,7,11
2026-06-21 01:19:01,mediboard,대구광역시,0,0,A1400013,안은의료재단 부평세림병원,1406,C,14,12,16,54200235,4,4,14,2026-06-21T01:15:10.138465,16,20
2026-06-21 01:19:01,mediboard,대구광역시,0,0,A1400005,온누리병원,1407,D,14,5,9,54200349,2,2,14,2026-06-21T01:15:10.138465,7,11
2026-06-21 01:19:01,mediboard,대구광역시,7,11,A1400001,의료법인 길의료재단 길병원,1404,A,14,11,25,54200402,7,7,14,2026-06-21T01:15:10.138465,23,41
2026-06-21 01:19:01,mediboard,대구광역시,0,0,A1400011,의료법인 나사렛의료재단 나사렛국제병원,1408,C,14,11,17,54200079,3,5,14,2026-06-21T01:15:10.138465,14,22
2026-06-21 01:19:01,mediboard,대구광역시,0,0,A1400003,의료법인 루가의료재단 나은병원,1407,C,14,9,11,54200125,10,10,14,2026-06-21T01:15:10.138465,19,21
2026-06-21 01:19:01,mediboard,대구광역시,0,0,A1400007,의료법인 성수의료재단 인천백병원,1405,D,14,5,5,54200234,1,1,14,2026-06-21T01:15:10.138465,6,6
2026-06-21 01:19:01,mediboard,대구광역시,0,0,A1400014,의료법인인성의료재단한림병원,1402,C,14,11,17,54200351,4,4,14,2026-06-21T01:15:10.138465,15,21
2026-06-21 01:19:01,mediboard,대구광역시,0,0,A1400017,인천광역시의료원,1405,D,14,14,15,54200128,2,2,14,2026-06-21T01:15:10.138465,16,17
2026-06-21 01:19:01,mediboard,대구광역시,0,0,A1400037,인천광역시의료원백령병원,1409,D,14,4,5,54200238,1,1,14,2026-06-21T01:15:10.138465,5,6
2026-06-21 01:19:01,mediboard,대구광역시,0,0,A1400009,인천기독병원,1410,D,14,8,8,54200127,1,1,14,2026-06-21T01:15:10.138465,9,9
2026-06-21 01:19:01,mediboard,대구광역시,0,0,A1400016,인천사랑병원,1403,C,14,11,14,54200293,6,7,14,2026-06-21T01:15:10.138465,17,21
2026-06-21 01:19:01,mediboard,대구광역시,0,0,A1403372,인천세종병원,1402,C,14,13,18,54200294,3,3,14,2026-06-21T01:15:10.138465,16,21
2026-06-21 01:19:01,mediboard,대구광역시,0,0,A1400018,인천적십자병원,1408,D,14,8,8,54200237,2,2,14,2026-06-21T01:15:10.138465,10,10
2026-06-21 01:19:01,mediboard,대구광역시,0,0,A1403871,인천힘찬종합병원,1404,D,14,17,17,54200352,3,6,14,2026-06-21T01:15:10.138465,20,23
2026-06-21 01:19:01,mediboard,대구광역시,4,9,A1400002,인하대학교의과대학부속병원,1410,A,14,12,20,54200181,8,9,14,2026-06-21T01:15:10.138465,22,36
2026-06-21 01:19:01,mediboard,대구광역시,0,0,A1400004,현대유비스병원,1403,D,14,15,18,54200403,1,1,14,2026-06-21T01:15:10.138465,16,19
2026-06-21 01:19:01,mediboard,광주광역시,6,7,A1500019,KS병원,1501,C,15,9,15,54200353,3,3,15,2026-06-21T01:15:10.138465,18,25
2026-06-21 01:19:01,mediboard,광주광역시,0,0,A1500021,광주기독병원,1502,C,15,4,20,54200354,3,6,15,2026-06-21T01:15:10.138465,7,26
2026-06-21 01:19:01,mediboard,광주광역시,0,0,A1500015,광주병원,1504,D,15,9,10,54200082,1,1,15,2026-06-21T01:15:10.138465,10,11
2026-06-21 01:19:01,mediboard,광주광역시,0,0,A1500004,광주보훈병원,1501,D,15,11,14,54200182,2,2,15,2026-06-21T01:15:10.138465,13,16
2026-06-21 01:19:01,mediboard,광주광역시,0,0,A1502007,광주센트럴병원,1501,D,15,9,10,54200407,1,1,15,2026-06-21T01:15:10.138465,10,11
2026-06-21 01:19:01,mediboard,광주광역시,0,0,A1500018,광주수완병원,1501,D,15,9,9,54200083,0,1,15,2026-06-21T01:15:10.138465,9,10
2026-06-21 01:19:01,mediboard,광주광역시,0,0,A1500009,광주씨티병원,1502,D,15,9,10,54200080,1,1,15,2026-06-21T01:15:10.138465,10,11
2026-06-21 01:19:01,mediboard,광주광역시,0,0,A1500005,광주일곡병원,1504,D,15,5,9,54200448,1,1,15,2026-06-21T01:15:10.138465,6,10
2026-06-21 01:19:01,mediboard,광주광역시,0,0,A1500016,광주한국병원,1505,D,15,13,15,54200298,1,1,15,2026-06-21T01:15:10.138465,14,16
2026-06-21 01:19:01,mediboard,광주광역시,0,0,A1500003,광주현대병원,1504,D,15,7,9,54200296,2,2,15,2026-06-21T01:15:10.138465,9,11
2026-06-21 01:19:01,mediboard,광주광역시,0,0,A1500007,광주희망병원,1504,D,15,9,9,54200129,1,1,15,2026-06-21T01:15:10.138465,10,10
2026-06-21 01:19:01,mediboard,광주광역시,0,0,A1500013,동아병원,1502,D,15,7,9,54200081,1,1,15,2026-06-21T01:15:10.138465,8,10
2026-06-21 01:19:01,mediboard,광주광역시,0,0,A1500014,미래로21병원,1505,D,15,8,9,54200297,1,1,15,2026-06-21T01:15:10.138465,9,10
2026-06-21 01:19:01,mediboard,광주광역시,0,0,A1500022,상무병원,1505,D,15,7,9,54200406,1,1,15,2026-06-21T01:15:10.138465,8,10
2026-06-21 01:19:01,mediboard,광주광역시,2,2,A1500020,서광병원,1505,C,15,16,18,54200451,3,3,15,2026-06-21T01:15:10.138465,21,23
2026-06-21 01:19:01,mediboard,광주광역시,0,0,A1500006,신가병원,1501,D,15,8,9,54200449,2,2,15,2026-06-21T01:15:10.138465,10,11
2026-06-21 01:19:01,mediboard,광주광역시,0,0,A1500010,운암한국병원,1504,D,15,9,9,54200405,1,1,15,2026-06-21T01:15:10.138465,10,10
2026-06-21 01:19:01,mediboard,광주광역시,4,4,A1500002,전남대학교병원,1503,A,15,23,28,54200404,4,7,15,2026-06-21T01:15:10.138465,31,39
2026-06-21 01:19:01,mediboard,광주광역시,4,4,A1500001,조선대학교병원,1503,A,15,13,23,54200239,5,5,15,2026-06-21T01:15:10.138465,22,32
2026-06-21 01:19:01,mediboard,광주광역시,0,0,A1500011,첨단종합병원,1501,C,15,17,22,54200450,3,3,15,2026-06-21T01:15:10.138465,20,25
2026-06-21 01:19:01,mediboard,광주광역시,0,0,A1500017,하남성심병원,1501,D,15,15,19,54200240,1,2,15,2026-06-21T01:15:10.138465,16,21
2026-06-21 01:19:01,mediboard,대전광역시,0,0,A1600004,대전보훈병원,1601,D,16,7,7,54200084,2,2,16,2026-06-21T01:15:10.138465,9,9
2026-06-21 01:19:01,mediboard,대전광역시,0,0,A1600003,대전한국병원,1602,D,16,8,9,54200241,1,1,16,2026-06-21T01:15:10.138465,9,10
2026-06-21 01:19:01,mediboard,대전광역시,0,0,A1602246,대청병원,1603,D,16,8,9,54200355,1,1,16,2026-06-21T01:15:10.138465,9,10
2026-06-21 01:19:01,mediboard,대전광역시,0,0,A1600008,의료법인영훈의료재단대전선병원,1605,C,16,14,17,54200242,4,9,16,2026-06-21T01:15:10.138465,18,26
2026-06-21 01:19:01,mediboard,대전광역시,0,0,A1600007,의료법인영훈의료재단유성선병원,1604,C,16,15,17,54200131,3,7,16,2026-06-21T01:15:10.138465,18,24
2026-06-21 01:19:01,mediboard,대전광역시,4,6,A1600001,충남대학교병원,1605,A,16,14,28,54200183,5,5,16,2026-06-21T01:15:10.138465,23,39
2026-06-21 01:19:01,mediboard,대전광역시,0,0,A1600005,학교법인가톨릭학원가톨릭대학교대전성모병원,1605,C,16,16,19,54200452,3,3,16,2026-06-21T01:15:10.138465,19,22
2026-06-21 01:19:01,mediboard,대전광역시,3,5,A1600006,학교법인건양교육재단건양대학교병원,1603,A,16,22,24,54200130,5,5,16,2026-06-21T01:15:10.138465,30,34
2026-06-21 01:19:01,mediboard,대전광역시,0,0,A1600002,학교법인을지학원대전을지대학교병원,1603,C,16,23,23,54200408,6,6,16,2026-06-21T01:15:10.138465,29,29
2026-06-21 01:19:01,mediboard,울산광역시,0,0,A1700001,서울산보람병원,1704,D,17,9,10,54200132,1,1,17,2026-06-21T01:15:10.138465,10,11
2026-06-21 01:19:01,mediboard,울산광역시,0,0,A1700003,울산병원,1701,C,17,15,19,54200299,3,3,17,2026-06-21T01:15:10.138465,18,22
2026-06-21 01:19:01,mediboard,울산광역시,0,0,A1700002,의료법인동강의료재단동강병원,1705,C,17,19,24,54200356,3,3,17,2026-06-21T01:15:10.138465,22,27
2026-06-21 01:19:01,mediboard,울산광역시,0,0,A1700025,의료법인송은의료재단울산시티병원,1703,C,17,13,17,54200300,3,3,17,2026-06-21T01:15:10.138465,16,20
2026-06-21 01:19:01,mediboard,울산광역시,0,0,A1700011,의료법인은성의료재단좋은삼정병원,1701,D,17,9,9,54200357,1,1,17,2026-06-21T01:15:10.138465,10,10
2026-06-21 01:19:01,mediboard,울산광역시,0,0,A1700028,의료법인정안의료재단중앙병원,1701,C,17,11,17,54200184,3,3,17,2026-06-21T01:15:10.138465,14,20
2026-06-21 01:19:01,mediboard,울산광역시,5,8,A1700004,학교법인울산공업학원울산대학교병원,1702,A,17,3,23,54200243,6,6,17,2026-06-21T01:15:10.138465,14,37
2026-06-21 01:19:01,mediboard,경기도,0,0,A2100019,(의)영문의료재단 다보스병원,2136,C,21,13,13,54200189,7,7,21,2026-06-21T01:15:10.138465,20,20
2026-06-21 01:19:01,mediboard,경기도,0,0,A2100122,(의)효심의료재단용인서울병원,2136,D,21,9,10,54200461,0,0,21,2026-06-21T01:15:10.138465,9,10
2026-06-21 01:19:01,mediboard,경기도,0,0,A2100052,가톨릭대학교부천성모병원,2113,C,21,24,31,54200092,6,6,21,2026-06-21T01:15:10.138465,30,37
2026-06-21 01:19:01,mediboard,경기도,5,8,A2100012,가톨릭대학교성빈센트병원,2122,C,21,10,28,54200244,5,6,21,2026-06-21T01:15:10.138465,18,40
2026-06-21 01:19:01,mediboard,경기도,11,11,A2100040,가톨릭대학교의정부성모병원,2138,A,21,34,44,54200138,6,6,21,2026-06-21T01:15:10.138465,51,61
2026-06-21 01:19:01,mediboard,경기도,0,0,A2100029,강남병원,2134,C,21,14,17,54200360,3,3,21,2026-06-21T01:15:10.138465,17,20
2026-06-21 01:19:01,mediboard,경기도,0,0,A2100193,경기도의료원 이천병원,2139,C,21,14,17,54200362,3,3,21,2026-06-21T01:15:10.138465,17,20
2026-06-21 01:19:01,mediboard,경기도,0,0,A2100032,경기도의료원수원병원,2121,D,21,8,8,54200303,5,5,21,2026-06-21T01:15:10.138465,13,13
2026-06-21 01:19:01,mediboard,경기도,0,0,A2100045,경기도의료원안성병원,2126,D,21,12,14,54200304,1,5,21,2026-06-21T01:15:10.138465,13,19
2026-06-21 01:19:01,mediboard,경기도,0,0,A2100043,경기도의료원의정부병원,2138,D,21,7,10,54200457,1,1,21,2026-06-21T01:15:10.138465,8,11
2026-06-21 01:19:01,mediboard,경기도,0,0,A2100035,경기도의료원파주병원,2140,C,21,15,17,54200090,3,3,21,2026-06-21T01:15:10.138465,18,20
2026-06-21 01:19:01,mediboard,경기도,0,0,A2100031,경기도의료원포천병원,2142,C,21,16,17,54200247,3,3,21,2026-06-21T01:15:10.138465,19,20
2026-06-21 01:19:01,mediboard,경기도,4,4,A2100003,고려대학교의과대학부속안산병원,2124,A,21,14,22,54200135,8,8,21,2026-06-21T01:15:10.138465,26,34
2026-06-21 01:19:01,mediboard,경기도,4,4,A2100007,광명성애병원,2106,C,21,8,11,54200410,5,5,21,2026-06-21T01:15:10.138465,17,20
2026-06-21 01:19:01,mediboard,경기도,0,0,A2100258,국군수도병원,2116,D,21,16,16,54200363,0,2,21,2026-06-21T01:15:10.138465,16,18
2026-06-21 01:19:01,mediboard,경기도,0,0,A2100049,국립암센터,2103,D,21,20,24,54200249,1,1,21,2026-06-21T01:15:10.138465,21,25
2026-06-21 01:19:01,mediboard,경기도,0,5,A2100033,국민건강보험공단일산병원,2103,A,21,4,23,54200455,5,5,21,2026-06-21T01:15:10.138465,9,33
2026-06-21 01:19:01,mediboard,경기도,0,0,A2100014,근로복지공단안산병원,2125,D,21,6,7,54200186,1,1,21,2026-06-21T01:15:10.138465,7,8
2026-06-21 01:19:01,mediboard,경기도,0,0,A2100041,남양주한양병원,2111,C,21,15,17,54200456,3,3,21,2026-06-21T01:15:10.138465,18,20
2026-06-21 01:19:01,mediboard,경기도,0,0,A2100017,대아의료재단한도병원,2124,C,21,15,17,54200188,3,3,21,2026-06-21T01:15:10.138465,18,20
2026-06-21 01:19:01,mediboard,경기도,3,3,A2100025,대진의료재단분당제생병원,2116,C,21,21,24,54200412,3,3,21,2026-06-21T01:15:10.138465,27,30
2026-06-21 01:19:01,mediboard,경기도,3,3,A2100047,동국대학교일산불교병원,2103,C,21,14,19,54200248,7,7,21,2026-06-21T01:15:10.138465,24,29
2026-06-21 01:19:01,mediboard,경기도,0,0,A2100131,메디인병원,2140,D,21,10,12,54200414,2,2,21,2026-06-21T01:15:10.138465,12,14
2026-06-21 01:19:01,mediboard,경기도,0,0,A2121142,메디필드한강병원,2136,D,21,16,17,54200419,3,3,21,2026-06-21T01:15:10.138465,19,20
2026-06-21 01:19:01,mediboard,경기도,0,0,A2100055,부천세종병원,2113,C,21,17,17,54200194,3,3,21,2026-06-21T01:15:10.138465,20,20
2026-06-21 01:19:01,mediboard,경기도,4,5,A2100001,분당서울대학교병원,2116,A,21,-14,30,54200134,4,5,21,2026-06-21T01:15:10.138465,-6,40
2026-06-21 01:19:01,mediboard,경기도,6,6,A2116806,성남시의료원,2117,C,21,14,17,54200418,6,6,21,2026-06-21T01:15:10.138465,26,29
2026-06-21 01:19:01,mediboard,경기도,0,0,A2100011,성남중앙병원,2118,D,21,7,9,54200087,1,1,21,2026-06-21T01:15:10.138465,8,10
2026-06-21 01:19:01,mediboard,경기도,0,0,A2100194,세종여주병원,2131,D,21,6,6,54200093,7,7,21,2026-06-21T01:15:10.138465,13,13
2026-06-21 01:19:01,mediboard,경기도,0,0,A2100016,순천의료재단성남정병원,2117,D,21,8,9,54200136,2,2,21,2026-06-21T01:15:10.138465,10,11
2026-06-21 01:19:01,mediboard,경기도,4,5,A2100005,순천향대학교부속부천병원,2113,A,21,12,17,54200086,5,5,21,2026-06-21T01:15:10.138465,21,27
2026-06-21 01:19:01,mediboard,경기도,8,14,A2100002,아주대학교병원,2120,A,21,18,32,54200185,11,13,21,2026-06-21T01:15:10.138465,33,54
2026-06-21 01:19:01,mediboard,경기도,0,0,A2100305,안성성모병원,2126,D,21,7,9,54200417,1,1,21,2026-06-21T01:15:10.138465,8,10
2026-06-21 01:19:01,mediboard,경기도,0,0,A2100089,양평병원,2130,D,21,9,9,54200306,1,1,21,2026-06-21T01:15:10.138465,10,10
2026-06-21 01:19:01,mediboard,경기도,0,0,A2118188,엘병원,2111,D,21,6,8,54200308,1,2,21,2026-06-21T01:15:10.138465,7,10
2026-06-21 01:19:01,mediboard,경기도,6,6,A2100020,연세대학교의과대학용인세브란스병원,2134,C,21,10,16,54200453,4,4,21,2026-06-21T01:15:10.138465,20,26
2026-06-21 01:19:01,mediboard,경기도,0,0,E2100187,연천군보건의료원,2132,D,21,10,10,54200112,0,0,21,2026-06-21T01:15:10.138465,10,10
2026-06-21 01:19:01,mediboard,경기도,0,0,A2100024,오산한국병원,2133,C,21,13,17,54200454,3,3,21,2026-06-21T01:15:10.138465,16,20
2026-06-21 01:19:01,mediboard,경기도,0,0,A2100048,원광대학교산본병원,2109,C,21,16,17,54200193,3,3,21,2026-06-21T01:15:10.138465,19,20
2026-06-21 01:19:01,mediboard,경기도,5,5,A2100008,의료법인 남촌의료재단 시화병원,2123,C,21,13,16,54200301,5,6,21,2026-06-21T01:15:10.138465,23,27
2026-06-21 01:19:01,mediboard,경기도,0,0,A2100013,의료법인 록향의료재단 신천연합병원,2123,D,21,7,10,54200411,1,1,21,2026-06-21T01:15:10.138465,8,11
2026-06-21 01:19:01,mediboard,경기도,0,0,A2100036,의료법인 일심의료재단 포천우리병원,2142,D,21,18,18,54200192,4,4,21,2026-06-21T01:15:10.138465,22,22
2026-06-21 01:19:01,mediboard,경기도,0,0,A2100309,의료법인갈렌의료재단박병원,2141,D,21,9,10,54200251,1,1,21,2026-06-21T01:15:10.138465,10,11
2026-06-21 01:19:01,mediboard,경기도,0,0,A2100009,의료법인녹산의료재단동수원병원,2122,C,21,13,17,54200302,2,3,21,2026-06-21T01:15:10.138465,15,20
2026-06-21 01:19:01,mediboard,경기도,0,0,A2100050,의료법인대인의료재단다니엘종합병원,2113,D,21,4,6,54200459,4,4,21,2026-06-21T01:15:10.138465,8,10
2026-06-21 01:19:01,mediboard,경기도,3,3,A2121061,의료법인덕산의료재단수원덕산병원,2119,D,21,21,24,54200462,3,3,21,2026-06-21T01:15:10.138465,27,30
2026-06-21 01:19:01,mediboard,경기도,0,0,A2117135,의료법인명인의료재단화홍병원,2119,C,21,14,15,54200196,5,5,21,2026-06-21T01:15:10.138465,19,20
2026-06-21 01:19:01,mediboard,경기도,3,3,A2100042,의료법인명지의료재단명지병원,2102,A,21,10,15,54200413,9,11,21,2026-06-21T01:15:10.138465,19,26
2026-06-21 01:19:01,mediboard,경기도,0,0,A2100022,의료법인박애의료재단박애병원,2141,D,21,10,10,54200190,1,1,21,2026-06-21T01:15:10.138465,11,11
2026-06-21 01:19:01,mediboard,경기도,0,0,A2100028,의료법인백송의료재단굿모닝병원,2141,C,21,14,19,54200191,8,9,21,2026-06-21T01:15:10.138465,22,28
2026-06-21 01:19:01,mediboard,경기도,0,0,A2100027,의료법인석경의료재단센트럴병원,2123,D,21,16,18,54200246,3,3,21,2026-06-21T01:15:10.138465,19,21
2026-06-21 01:19:01,mediboard,경기도,0,0,A2116972,의료법인성광의료재단일산차병원,2103,D,21,6,6,54200195,3,4,21,2026-06-21T01:15:10.138465,9,10
2026-06-21 01:19:01,mediboard,경기도,0,0,A2113246,의료법인양진의료재단평택성모병원,2141,C,21,12,17,54200252,3,3,21,2026-06-21T01:15:10.138465,15,20
2026-06-21 01:19:01,mediboard,경기도,0,0,A2100034,의료법인영동의료재단의정부백병원,2138,D,21,6,10,54200089,2,2,21,2026-06-21T01:15:10.138465,8,12
2026-06-21 01:19:01,mediboard,경기도,0,0,A2100053,의료법인우리의료재단김포우리병원,2110,C,21,10,22,54200305,7,7,21,2026-06-21T01:15:10.138465,17,29
2026-06-21 01:19:01,mediboard,경기도,0,0,A2115699,의료법인원광의료재단원광종합병원,2146,D,21,8,9,54200140,1,1,21,2026-06-21T01:15:10.138465,9,10
2026-06-21 01:19:01,mediboard,경기도,0,0,A2100018,의료법인은혜와감사의료재단화성중앙종합병원,2144,D,21,9,9,54200359,1,1,21,2026-06-21T01:15:10.138465,10,10
2026-06-21 01:19:01,mediboard,경기도,0,0,A2100006,의료법인인봉의료재단뉴고려병원,2110,C,21,13,14,54200409,6,6,21,2026-06-21T01:15:10.138465,19,20
2026-06-21 01:19:01,mediboard,경기도,0,0,A2100290,의료법인자인의료재단(더자인병원),2102,D,21,16,16,54200250,4,4,21,2026-06-21T01:15:10.138465,20,20
2026-06-21 01:19:01,mediboard,경기도,0,0,A2100124,의료법인칠석의료재단사랑의병원,2125,D,21,8,13,54200139,1,1,21,2026-06-21T01:15:10.138465,9,14
2026-06-21 01:19:01,mediboard,경기도,0,0,A2100175,의료법인토마스의료재단윌스기념병원,2122,D,21,17,18,54200416,3,3,21,2026-06-21T01:15:10.138465,20,21
2026-06-21 01:19:01,mediboard,경기도,0,0,A2100021,의료법인플러스의료재단단원병원,2124,D,21,12,17,54200245,3,3,21,2026-06-21T01:15:10.138465,15,20
2026-06-21 01:19:01,mediboard,경기도,4,4,A2100038,인제대학교일산백병원,2104,C,21,20,30,54200361,6,6,21,2026-06-21T01:15:10.138465,30,40
2026-06-21 01:19:01,mediboard,경기도,0,0,A2118788,중앙대학교광명병원,2106,C,21,20,21,54200094,3,3,21,2026-06-21T01:15:10.138465,23,24
2026-06-21 01:19:01,mediboard,경기도,7,13,A2100030,차의과학대학교분당차병원,2116,A,21,11,22,54200088,7,7,21,2026-06-21T01:15:10.138465,23,40
2026-06-21 01:19:01,mediboard,경기도,1,1,A2100155,참조은병원,2107,C,21,7,9,54200415,10,10,21,2026-06-21T01:15:10.138465,18,20
2026-06-21 01:19:01,mediboard,경기도,0,0,A2100150,추병원,2138,D,21,12,12,54200307,2,2,21,2026-06-21T01:15:10.138465,14,14
2026-06-21 01:19:01,mediboard,경기도,6,6,A2117994,학교법인을지학원의정부을지대학교병원,2138,C,21,27,30,54200197,11,11,21,2026-06-21T01:15:10.138465,44,47
2026-06-21 01:19:01,mediboard,경기도,9,9,A2100046,한림대학교동탄성심병원,2147,C,21,15,32,54200458,3,3,21,2026-06-21T01:15:10.138465,27,44
2026-06-21 01:19:01,mediboard,경기도,3,3,A2100004,한림대학교성심병원,2127,A,21,14,25,54200085,10,11,21,2026-06-21T01:15:10.138465,27,39
2026-06-21 01:19:01,mediboard,경기도,0,0,A2100039,한양대학교구리병원,2108,C,21,9,18,54200137,4,5,21,2026-06-21T01:15:10.138465,13,23
2026-06-21 01:19:01,mediboard,경기도,0,0,A2100037,현대병원,2111,C,21,11,17,54200091,3,3,21,2026-06-21T01:15:10.138465,14,20
2026-06-21 01:19:01,mediboard,경기도,0,0,A2100015,효산의료재단 안양샘병원,2128,C,21,10,17,54200187,3,3,21,2026-06-21T01:15:10.138465,13,20
2026-06-21 01:19:01,mediboard,경기도,0,0,A2100054,효산의료재단지샘병원,2109,C,21,14,18,54200460,3,4,21,2026-06-21T01:15:10.138465,17,22
2026-06-21 01:19:01,mediboard,강원특별자치도,3,3,A2200008,강릉아산병원,2201,A,22,19,23,54200309,5,5,22,2026-06-21T01:15:10.138465,27,31
2026-06-21 01:19:01,mediboard,강원특별자치도,3,3,A2200009,강원대학교병원,2213,C,22,13,21,54200463,5,5,22,2026-06-21T01:15:10.138465,21,29
2026-06-21 01:19:01,mediboard,강원특별자치도,0,0,A2200011,강원특별자치도강릉의료원,2201,D,22,4,5,54200254,1,1,22,2026-06-21T01:15:10.138465,5,6
2026-06-21 01:19:01,mediboard,강원특별자치도,1,1,A2200007,강원특별자치도삼척의료원,2204,C,22,14,16,54200095,3,5,22,2026-06-21T01:15:10.138465,18,22
2026-06-21 01:19:01,mediboard,강원특별자치도,0,0,A2200012,강원특별자치도속초의료원,2205,C,22,17,17,54200464,3,3,22,2026-06-21T01:15:10.138465,20,20
2026-06-21 01:19:01,mediboard,강원특별자치도,0,0,A2200002,강원특별자치도영월의료원,2208,D,22,8,9,54200141,1,1,22,2026-06-21T01:15:10.138465,9,10
2026-06-21 01:19:01,mediboard,강원특별자치도,0,0,A2200015,강원특별자치도원주의료원,2209,D,22,8,8,54200256,1,2,22,2026-06-21T01:15:10.138465,9,10
2026-06-21 01:19:01,mediboard,강원특별자치도,0,0,A2200048,근로복지공단정선병원,2211,D,22,5,5,54200199,1,1,22,2026-06-21T01:15:10.138465,6,6
2026-06-21 01:19:01,mediboard,강원특별자치도,0,0,A2200004,근로복지공단태백병원,2214,D,22,6,9,54200198,1,1,22,2026-06-21T01:15:10.138465,7,10
2026-06-21 01:19:01,mediboard,강원특별자치도,3,3,A2200001,연세대학교원주세브란스기독병원,2209,A,22,24,31,54200253,36,45,22,2026-06-21T01:15:10.138465,63,79
2026-06-21 01:19:01,mediboard,강원특별자치도,0,0,A2200005,의료법인강릉동인병원,2201,C,22,13,17,54200365,3,3,22,2026-06-21T01:15:10.138465,16,20
2026-06-21 01:19:01,mediboard,강원특별자치도,0,0,A2200003,의료법인동해동인병원,2203,D,22,8,10,54200364,1,1,22,2026-06-21T01:15:10.138465,9,11
2026-06-21 01:19:01,mediboard,강원특별자치도,0,0,A2200037,의료법인성심의료재단양구성심병원,2206,D,22,5,5,54200465,1,1,22,2026-06-21T01:15:10.138465,6,6
2026-06-21 01:19:01,mediboard,강원특별자치도,0,0,A2200024,의료법인성지의료재단성지병원,2209,D,22,5,7,54200311,1,1,22,2026-06-21T01:15:10.138465,6,8
2026-06-21 01:19:01,mediboard,강원특별자치도,0,0,A2200046,의료법인온세움의료재단온재병원,2205,D,22,5,9,54200466,1,1,22,2026-06-21T01:15:10.138465,6,10
2026-06-21 01:19:01,mediboard,강원특별자치도,0,0,A2201730,철원병원,2212,D,22,4,5,54200142,1,1,22,2026-06-21T01:15:10.138465,5,6
2026-06-21 01:19:01,mediboard,강원특별자치도,0,0,E2200026,평창군보건의료원,2215,D,22,6,6,54200220,1,1,22,2026-06-21T01:15:10.138465,7,7
2026-06-21 01:19:01,mediboard,강원특별자치도,3,3,A2200013,한림대학교춘천성심병원,2213,A,22,17,22,54200096,5,5,22,2026-06-21T01:15:10.138465,25,30
2026-06-21 01:19:01,mediboard,강원특별자치도,0,0,A2200014,홍천아산병원,2216,D,22,9,10,54200255,0,0,22,2026-06-21T01:15:10.138465,9,10
2026-06-21 01:19:01,mediboard,강원특별자치도,0,0,E2200025,화천군보건의료원,2217,D,22,7,7,54200335,1,1,22,2026-06-21T01:15:10.138465,8,8
2026-06-21 01:19:01,mediboard,강원특별자치도,0,0,A2200016,횡성대성병원,2218,D,22,9,9,54200310,1,1,22,2026-06-21T01:15:10.138465,10,10
2026-06-21 01:19:01,mediboard,충청북도,0,0,A2300010,건국대학교충주병원,2314,C,23,19,20,54200467,3,3,23,2026-06-21T01:15:10.138465,22,23
2026-06-21 01:19:01,mediboard,충청북도,0,0,E2300011,단양군보건의료원,2302,D,23,6,6,54200166,1,2,23,2026-06-21T01:15:10.138465,7,8
2026-06-21 01:19:01,mediboard,충청북도,0,0,A2300013,의료법인 건명의료재단 중앙제일병원,2309,C,23,6,17,54200366,3,5,23,2026-06-21T01:15:10.138465,9,22
2026-06-21 01:19:01,mediboard,충청북도,0,0,A2300034,의료법인대광의료재단괴산성모병원,2301,D,23,9,9,54200259,0,1,23,2026-06-21T01:15:10.138465,9,10
2026-06-21 01:19:01,mediboard,충청북도,3,3,A2300009,의료법인명지의료재단명지병원,2307,C,23,15,18,54200258,6,6,23,2026-06-21T01:15:10.138465,24,27
2026-06-21 01:19:01,mediboard,충청북도,0,0,A2300007,의료법인인화재단한국병원,2310,C,23,10,14,54200257,6,6,23,2026-06-21T01:15:10.138465,16,20
2026-06-21 01:19:01,mediboard,충청북도,0,0,A2300005,의료법인자산의료재단제천서울병원,2307,C,23,13,15,54200145,5,5,23,2026-06-21T01:15:10.138465,18,20
2026-06-21 01:19:01,mediboard,충청북도,0,0,A2300003,의료법인정산의료재단효성병원,2310,C,23,12,18,54200144,4,5,23,2026-06-21T01:15:10.138465,16,23
2026-06-21 01:19:01,mediboard,충청북도,0,0,A2300030,의료법인조윤의료재단영동병원,2304,D,23,10,10,54200367,0,0,23,2026-06-21T01:15:10.138465,10,10
2026-06-21 01:19:01,mediboard,충청북도,0,0,A2300002,의료법인한마음의료재단하나병원,2313,C,23,22,23,54200097,3,12,23,2026-06-21T01:15:10.138465,25,35
2026-06-21 01:19:01,mediboard,충청북도,0,0,A2300011,의료법인힐링의료재단옥천성모병원,2305,D,23,7,7,54200420,3,3,23,2026-06-21T01:15:10.138465,10,10
2026-06-21 01:19:01,mediboard,충청북도,0,0,A2300008,청주성모병원,2312,C,23,10,15,54200098,7,10,23,2026-06-21T01:15:10.138465,17,25
2026-06-21 01:19:01,mediboard,충청북도,8,8,A2300001,충북대학교병원,2311,A,23,26,32,54200143,5,5,23,2026-06-21T01:15:10.138465,39,45
2026-06-21 01:19:01,mediboard,충청북도,0,0,A2300006,충청북도청주의료원,2311,D,23,11,12,54200201,4,4,23,2026-06-21T01:15:10.138465,15,16
2026-06-21 01:19:01,mediboard,충청북도,0,0,A2300004,충청북도충주의료원,2314,D,23,18,18,54200200,3,3,23,2026-06-21T01:15:10.138465,21,21
2026-06-21 01:19:01,mediboard,충청남도,4,4,A2400002,단국대학교의과대학부속병원,2412,A,24,18,27,54200147,5,5,24,2026-06-21T01:15:10.138465,27,36
2026-06-21 01:19:01,mediboard,충청남도,0,0,A2400008,당진종합병원,2405,C,24,11,17,54200148,3,3,24,2026-06-21T01:15:10.138465,14,20
2026-06-21 01:19:01,mediboard,충청남도,0,4,A2400003,서산중앙병원,2408,C,24,13,17,54200099,3,3,24,2026-06-21T01:15:10.138465,16,24
2026-06-21 01:19:01,mediboard,충청남도,0,0,A2402257,아산충무병원,2410,C,24,8,13,54200468,8,8,24,2026-06-21T01:15:10.138465,16,21
2026-06-21 01:19:01,mediboard,충청남도,0,0,A2400044,의료법인 서해병원,2409,D,24,5,5,54200149,2,2,24,2026-06-21T01:15:10.138465,7,7
2026-06-21 01:19:01,mediboard,충청남도,0,0,A2400009,의료법인백제병원,2404,C,24,16,20,54200101,3,3,24,2026-06-21T01:15:10.138465,19,23
2026-06-21 01:19:01,mediboard,충청남도,0,0,A2400012,의료법인영서의료재단천안충무병원,2413,C,24,12,16,54200260,5,5,24,2026-06-21T01:15:10.138465,17,21
2026-06-21 01:19:01,mediboard,충청남도,0,0,A2400004,의료법인예당의료재단예산종합병원,2411,D,24,4,6,54200421,1,1,24,2026-06-21T01:15:10.138465,5,7
2026-06-21 01:19:01,mediboard,충청남도,0,0,A2400011,재단법인아산사회복지재단보령아산병원,2406,C,24,17,17,54200202,3,3,24,2026-06-21T01:15:10.138465,20,20
2026-06-21 01:19:01,mediboard,충청남도,0,0,E2400032,청양군보건의료원,2414,D,24,6,6,54200277,1,1,24,2026-06-21T01:15:10.138465,7,7
2026-06-21 01:19:01,mediboard,충청남도,0,0,A2400010,충청남도공주의료원,2402,D,24,11,15,54200102,1,1,24,2026-06-21T01:15:10.138465,12,16
2026-06-21 01:19:01,mediboard,충청남도,0,0,A2400006,충청남도서산의료원,2408,C,24,12,17,54200100,3,3,24,2026-06-21T01:15:10.138465,15,20
2026-06-21 01:19:01,mediboard,충청남도,0,0,A2400005,충청남도천안의료원,2412,D,24,9,12,54200368,1,2,24,2026-06-21T01:15:10.138465,10,14
2026-06-21 01:19:01,mediboard,충청남도,1,1,A2400007,충청남도홍성의료원,2416,C,24,14,18,54200422,3,3,24,2026-06-21T01:15:10.138465,18,22
2026-06-21 01:19:01,mediboard,충청남도,0,0,E2400033,태안군보건의료원,2415,D,24,10,10,54200113,1,1,24,2026-06-21T01:15:10.138465,11,11
2026-06-21 01:19:01,mediboard,충청남도,0,0,A2400038,학교법인건양교육재단건양대학교부여병원,2407,D,24,9,9,54200261,1,1,24,2026-06-21T01:15:10.138465,10,10
2026-06-21 01:19:01,mediboard,충청남도,15,18,A2400001,학교법인동은학원순천향대학교부속천안병원,2412,A,24,15,22,54200146,11,11,24,2026-06-21T01:15:10.138465,37,47
2026-06-21 01:19:01,mediboard,충청남도,0,0,A2400039,현대병원,2410,D,24,10,10,54200369,1,1,24,2026-06-21T01:15:10.138465,11,11
2026-06-21 01:19:01,mediboard,전북특별자치도,0,0,A2500038,김제우석병원,2503,D,25,10,10,54200103,1,1,25,2026-06-21T01:15:10.138465,11,11
2026-06-21 01:19:01,mediboard,전북특별자치도,0,0,A2500056,대자인병원,2512,C,25,27,33,54200263,3,3,25,2026-06-21T01:15:10.138465,30,36
2026-06-21 01:19:01,mediboard,전북특별자치도,0,0,E2500019,무주군보건의료원,2505,D,25,3,4,54200437,1,1,25,2026-06-21T01:15:10.138465,4,5
2026-06-21 01:19:01,mediboard,전북특별자치도,0,0,A2500010,부안성모병원,2506,D,25,10,10,54200371,2,2,25,2026-06-21T01:15:10.138465,12,12
2026-06-21 01:19:01,mediboard,전북특별자치도,3,3,A2502742,새강병원,2513,D,25,13,14,54200471,3,3,25,2026-06-21T01:15:10.138465,19,20
2026-06-21 01:19:01,mediboard,전북특별자치도,0,0,E2500021,순창군보건의료원,2507,D,25,9,9,54200167,1,1,25,2026-06-21T01:15:10.138465,10,10
2026-06-21 01:19:01,mediboard,전북특별자치도,3,3,A2500001,원광대학교병원,2509,A,25,3,28,54200469,5,5,25,2026-06-21T01:15:10.138465,11,36
2026-06-21 01:19:01,mediboard,전북특별자치도,0,0,A2500011,의료법인대산의료재단익산병원,2509,C,25,13,17,54200262,3,3,25,2026-06-21T01:15:10.138465,16,20
2026-06-21 01:19:01,mediboard,전북특별자치도,0,0,A2500009,의료법인석천재단고창병원,2501,D,25,9,10,54200423,1,1,25,2026-06-21T01:15:10.138465,10,11
2026-06-21 01:19:01,mediboard,전북특별자치도,0,0,A2500005,의료법인영경의료재단전주병원,2513,C,25,9,17,54200313,3,3,25,2026-06-21T01:15:10.138465,12,20
2026-06-21 01:19:01,mediboard,전북특별자치도,0,0,A2501890,의료법인영경의료재단호성전주병원,2512,D,25,5,9,54200203,1,1,25,2026-06-21T01:15:10.138465,6,10
2026-06-21 01:19:01,mediboard,전북특별자치도,0,0,A2500012,의료법인오성의료재단동군산병원,2502,C,25,12,17,54200470,6,6,25,2026-06-21T01:15:10.138465,18,23
2026-06-21 01:19:01,mediboard,전북특별자치도,0,0,E2500022,임실군보건의료원,2510,D,25,4,4,54200438,1,1,25,2026-06-21T01:15:10.138465,5,5
2026-06-21 01:19:01,mediboard,전북특별자치도,0,0,E2500020,장수군보건의료원,2511,D,25,4,5,54200278,1,1,25,2026-06-21T01:15:10.138465,5,6
2026-06-21 01:19:01,mediboard,전북특별자치도,0,0,A2500008,재단법인 아산사회복지재단 정읍아산병원,2514,C,25,13,17,54200151,3,3,25,2026-06-21T01:15:10.138465,16,20
2026-06-21 01:19:01,mediboard,전북특별자치도,5,12,A2500006,재단법인예수병원유지재단예수병원,2513,C,25,24,38,54200150,3,5,25,2026-06-21T01:15:10.138465,30,53
2026-06-21 01:19:01,mediboard,전북특별자치도,3,5,A2500002,전북대학교병원,2512,A,25,24,36,54200370,7,7,25,2026-06-21T01:15:10.138465,34,48
2026-06-21 01:19:01,mediboard,전북특별자치도,0,0,A2500007,전북특별자치도군산의료원,2502,C,25,9,17,54200314,3,3,25,2026-06-21T01:15:10.138465,12,20
2026-06-21 01:19:01,mediboard,전북특별자치도,0,0,A2500004,전북특별자치도남원의료원,2504,C,25,17,17,54200312,3,3,25,2026-06-21T01:15:10.138465,20,20
2026-06-21 01:19:01,mediboard,전북특별자치도,0,0,A2502031,진안군의료원,2515,D,25,6,6,54200372,2,2,25,2026-06-21T01:15:10.138465,8,8
2026-06-21 01:19:01,mediboard,전라남도,0,0,A2600029,곡성사랑병원,2603,D,26,5,5,54200374,1,1,26,2026-06-21T01:15:10.138465,6,6
2026-06-21 01:19:01,mediboard,전라남도,0,0,A2600006,광양사랑병원,2604,D,26,6,9,54200105,1,1,26,2026-06-21T01:15:10.138465,7,10
2026-06-21 01:19:01,mediboard,전라남도,0,0,A2600061,구례병원,2605,D,26,10,10,54200426,0,0,26,2026-06-21T01:15:10.138465,10,10
2026-06-21 01:19:01,mediboard,전라남도,0,0,A2600016,나주종합병원,2606,D,26,9,10,54200316,0,0,26,2026-06-21T01:15:10.138465,9,10
2026-06-21 01:19:01,mediboard,전라남도,0,0,A2600054,담양사랑병원,2607,D,26,5,6,54200320,2,2,26,2026-06-21T01:15:10.138465,7,8
2026-06-21 01:19:01,mediboard,전라남도,0,0,A2600003,대송의료재단무안병원,2609,D,26,4,4,54200424,1,1,26,2026-06-21T01:15:10.138465,5,5
2026-06-21 01:19:01,mediboard,전라남도,0,0,A2600020,목포기독병원,2608,D,26,14,17,54200153,3,3,26,2026-06-21T01:15:10.138465,17,20
2026-06-21 01:19:01,mediboard,전라남도,0,0,A2600022,목포시의료원,2608,D,26,9,9,54200475,1,1,26,2026-06-21T01:15:10.138465,10,10
2026-06-21 01:19:01,mediboard,전라남도,2,3,A2600011,목포한국병원,2608,A,26,9,18,54200264,5,5,26,2026-06-21T01:15:10.138465,16,26
2026-06-21 01:19:01,mediboard,전라남도,0,0,A2600052,보성아산병원,2610,D,26,8,8,54200479,1,1,26,2026-06-21T01:15:10.138465,9,9
2026-06-21 01:19:01,mediboard,전라남도,0,0,A2602211,빛가람종합병원,2606,D,26,5,9,54200207,1,1,26,2026-06-21T01:15:10.138465,6,10
2026-06-21 01:19:01,mediboard,전라남도,3,4,A2600019,성가롤로병원,2611,A,26,7,18,54200317,5,5,26,2026-06-21T01:15:10.138465,15,27
2026-06-21 01:19:01,mediboard,전라남도,0,0,A2600008,순천제일병원,2611,D,26,7,9,54200373,1,1,26,2026-06-21T01:15:10.138465,8,10
2026-06-21 01:19:01,mediboard,전라남도,0,0,A2600004,순천중앙병원,2611,D,26,5,5,54200315,1,1,26,2026-06-21T01:15:10.138465,6,6
2026-06-21 01:19:01,mediboard,전라남도,0,0,A2600010,여수전남병원,2613,D,26,10,10,54200473,1,1,26,2026-06-21T01:15:10.138465,11,11
2026-06-21 01:19:01,mediboard,전라남도,0,0,A2600014,여천전남병원,2613,C,26,14,17,54200152,3,3,26,2026-06-21T01:15:10.138465,17,20
2026-06-21 01:19:01,mediboard,전라남도,0,0,A2600015,영광종합병원,2614,D,26,9,10,54200425,3,3,26,2026-06-21T01:15:10.138465,12,13
2026-06-21 01:19:01,mediboard,전라남도,0,0,A2600070,영암한국병원,2615,D,26,8,8,54200427,0,1,26,2026-06-21T01:15:10.138465,8,9
2026-06-21 01:19:01,mediboard,전라남도,0,0,A2600032,완도대성병원,2616,D,26,3,5,54200266,1,1,26,2026-06-21T01:15:10.138465,4,6
2026-06-21 01:19:01,mediboard,전라남도,0,0,A2600034,의료법인 거명의료재단 영광기독병원,2614,D,26,9,10,54200319,1,1,26,2026-06-21T01:15:10.138465,10,11
2026-06-21 01:19:01,mediboard,전라남도,0,0,A2600017,의료법인목포구암의료재단목포중앙병원,2608,C,26,13,16,54200205,4,4,26,2026-06-21T01:15:10.138465,17,20
2026-06-21 01:19:01,mediboard,전라남도,0,0,A2600066,의료법인삼호의료재단벌교삼호병원,2610,D,26,6,6,54200155,1,1,26,2026-06-21T01:15:10.138465,7,7
2026-06-21 01:19:01,mediboard,전라남도,0,0,A2600051,의료법인신안대우병원,2612,D,26,4,4,54200478,1,1,26,2026-06-21T01:15:10.138465,5,5
2026-06-21 01:19:01,mediboard,전라남도,0,0,A2600018,의료법인영성의료재단고흥종합병원,2602,D,26,10,10,54200265,0,0,26,2026-06-21T01:15:10.138465,10,10
2026-06-21 01:19:01,mediboard,전라남도,0,0,A2600021,의료법인우범의료재단장흥종합병원,2618,D,26,9,9,54200474,1,1,26,2026-06-21T01:15:10.138465,10,10
2026-06-21 01:19:01,mediboard,전라남도,0,0,A2600068,의료법인장호의료재단녹동현대병원,2602,D,26,-3,3,54200321,2,2,26,2026-06-21T01:15:10.138465,-1,5
2026-06-21 01:19:01,mediboard,전라남도,0,0,A2600005,의료법인한국의료재단한국병원,2611,D,26,9,11,54200104,1,1,26,2026-06-21T01:15:10.138465,10,12
2026-06-21 01:19:01,mediboard,전라남도,0,0,A2600027,의료법인한마음의료재단여수제일병원,2613,D,26,9,9,54200318,1,1,26,2026-06-21T01:15:10.138465,10,10
2026-06-21 01:19:01,mediboard,전라남도,0,0,A2600007,의료법인해민의료재단 세안종합병원,2608,D,26,7,7,54200106,2,2,26,2026-06-21T01:15:10.138465,9,9
2026-06-21 01:19:01,mediboard,전라남도,0,0,A2600035,의료법인행복나눔의료재단장성병원,2617,D,26,4,4,54200206,1,1,26,2026-06-21T01:15:10.138465,5,5
2026-06-21 01:19:01,mediboard,전라남도,0,0,A2600009,의료법인행촌의료재단해남종합병원,2621,D,26,8,10,54200472,1,1,26,2026-06-21T01:15:10.138465,9,11
2026-06-21 01:19:01,mediboard,전라남도,0,0,A2600024,의료법인현경의료재단광양서울병원,2604,D,26,9,9,54200476,1,1,26,2026-06-21T01:15:10.138465,10,10
2026-06-21 01:19:01,mediboard,전라남도,0,0,A2600037,장흥우리병원,2618,D,26,4,4,54200154,1,1,26,2026-06-21T01:15:10.138465,5,5
2026-06-21 01:19:01,mediboard,전라남도,0,0,A2600050,전라남도강진의료원,2601,D,26,8,9,54200375,1,1,26,2026-06-21T01:15:10.138465,9,10
2026-06-21 01:19:01,mediboard,전라남도,0,0,A2600056,전라남도순천의료원,2611,D,26,6,6,54200480,2,2,26,2026-06-21T01:15:10.138465,8,8
2026-06-21 01:19:01,mediboard,전라남도,0,0,A2600040,진도한국병원,2619,D,26,4,4,54200477,1,1,26,2026-06-21T01:15:10.138465,5,5
2026-06-21 01:19:01,mediboard,전라남도,0,0,A2600077,해남우리종합병원,2621,D,26,14,15,54200156,4,4,26,2026-06-21T01:15:10.138465,18,19
2026-06-21 01:19:01,mediboard,전라남도,1,1,A2600001,화순전남대학교병원,2622,C,26,13,16,54200204,7,7,26,2026-06-21T01:15:10.138465,21,24
2026-06-21 01:19:01,mediboard,경상북도,0,0,A2700018,경상북도김천의료원,2706,D,27,15,17,54200327,1,1,27,2026-06-21T01:15:10.138465,16,18
2026-06-21 01:19:01,mediboard,경상북도,0,0,A2700001,경상북도안동의료원,2711,D,27,6,6,54200107,2,2,27,2026-06-21T01:15:10.138465,8,8
2026-06-21 01:19:01,mediboard,경상북도,0,0,A2700005,경상북도포항의료원,2724,D,27,8,8,54200322,2,2,27,2026-06-21T01:15:10.138465,10,10
2026-06-21 01:19:01,mediboard,경상북도,0,0,A2700097,계명대학교경주동산병원,2702,D,27,8,9,54200376,1,1,27,2026-06-21T01:15:10.138465,9,10
2026-06-21 01:19:01,mediboard,경상북도,0,0,A2700015,구미강동병원,2704,D,27,6,7,54200326,3,3,27,2026-06-21T01:15:10.138465,9,10
2026-06-21 01:19:01,mediboard,경상북도,2,3,A2700003,동국대학교의과대학경주병원,2702,C,27,13,16,54200428,7,7,27,2026-06-21T01:15:10.138465,22,26
2026-06-21 01:19:01,mediboard,경상북도,0,0,A2700011,상주적십자병원,2709,D,27,8,9,54200481,1,1,27,2026-06-21T01:15:10.138465,9,10
2026-06-21 01:19:01,mediboard,경상북도,2,4,A2700013,순천향대학교부속구미병원,2704,C,27,7,13,54200210,3,3,27,2026-06-21T01:15:10.138465,12,20
2026-06-21 01:19:01,mediboard,경상북도,0,0,A2700004,안동성소병원,2711,C,27,11,12,54200108,8,8,27,2026-06-21T01:15:10.138465,19,20
2026-06-21 01:19:01,mediboard,경상북도,0,0,A2700008,에스포항병원,2723,D,27,6,6,54200324,1,1,27,2026-06-21T01:15:10.138465,7,7
2026-06-21 01:19:01,mediboard,경상북도,0,0,A2700017,영남대학교의과대학부속영천병원,2715,D,27,9,10,54200268,3,3,27,2026-06-21T01:15:10.138465,12,13
2026-06-21 01:19:01,mediboard,경상북도,0,0,A2700031,영주기독병원,2714,D,27,4,4,54200158,1,1,27,2026-06-21T01:15:10.138465,5,5
2026-06-21 01:19:01,mediboard,경상북도,0,0,A2700020,영주자인병원,2714,D,27,4,4,54200269,1,1,27,2026-06-21T01:15:10.138465,5,5
2026-06-21 01:19:01,mediboard,경상북도,0,0,A2702752,영주적십자병원,2714,D,27,10,10,54200212,1,1,27,2026-06-21T01:15:10.138465,11,11
2026-06-21 01:19:01,mediboard,경상북도,0,0,E2700553,울릉군보건의료원,2717,D,27,4,5,54200114,0,0,27,2026-06-21T01:15:10.138465,4,5
2026-06-21 01:19:01,mediboard,경상북도,0,0,A2700052,울진군의료원,2718,D,27,8,8,54200160,2,2,27,2026-06-21T01:15:10.138465,10,10
2026-06-21 01:19:01,mediboard,경상북도,0,0,A2700019,의)근원의료재단경산중앙병원,2701,D,27,9,10,54200157,2,2,27,2026-06-21T01:15:10.138465,11,12
2026-06-21 01:19:01,mediboard,경상북도,0,0,A2700038,의료법인대남의료재단청도대남병원,2720,D,27,10,10,54200482,0,0,27,2026-06-21T01:15:10.138465,10,10
2026-06-21 01:19:01,mediboard,경상북도,0,0,A2700012,의료법인덕산의료재단김천제일병원,2706,C,27,12,16,54200325,4,4,27,2026-06-21T01:15:10.138465,16,20
2026-06-21 01:19:01,mediboard,경상북도,0,0,A2700006,의료법인동춘의료재단문경제일병원,2707,C,27,17,17,54200323,1,3,27,2026-06-21T01:15:10.138465,18,20
2026-06-21 01:19:01,mediboard,경상북도,0,0,A2700009,의료법인삼백의료재단상주성모병원,2709,D,27,9,9,54200429,1,1,27,2026-06-21T01:15:10.138465,10,10
2026-06-21 01:19:01,mediboard,경상북도,0,0,A2700036,의료법인서명의료재단세명종합병원,2701,D,27,12,13,54200159,2,2,27,2026-06-21T01:15:10.138465,14,15
2026-06-21 01:19:01,mediboard,경상북도,0,0,A2700023,의료법인서준의료재단예천권병원,2716,D,27,6,6,54200211,1,1,27,2026-06-21T01:15:10.138465,7,7
2026-06-21 01:19:01,mediboard,경상북도,3,3,A2700014,의료법인안동병원,2711,A,27,12,17,54200109,5,5,27,2026-06-21T01:15:10.138465,20,25
2026-06-21 01:19:01,mediboard,경상북도,0,0,A2700070,의료법인영암의료재단고령영생병원,2703,D,27,5,5,54200271,1,1,27,2026-06-21T01:15:10.138465,6,6
2026-06-21 01:19:01,mediboard,경상북도,0,0,A2700063,의료법인영제의료재단영남제일병원,2719,D,27,4,5,54200270,1,1,27,2026-06-21T01:15:10.138465,5,6
2026-06-21 01:19:01,mediboard,경상북도,0,0,A2702563,의료법인은성의료재단좋은선린병원,2724,D,27,7,10,54200272,2,2,27,2026-06-21T01:15:10.138465,9,12
2026-06-21 01:19:01,mediboard,경상북도,4,5,A2700007,차의과학대학교부속구미차병원,2704,A,27,16,20,54200209,6,12,27,2026-06-21T01:15:10.138465,26,37
2026-06-21 01:19:01,mediboard,경상북도,0,0,E2700554,청송군보건의료원,2721,D,27,5,5,54200336,1,1,27,2026-06-21T01:15:10.138465,6,6
2026-06-21 01:19:01,mediboard,경상북도,11,11,A2700016,포항성모병원,2723,A,27,16,20,54200267,5,15,27,2026-06-21T01:15:10.138465,32,46
2026-06-21 01:19:01,mediboard,경상북도,0,0,A2700002,포항세명기독병원,2723,C,27,11,15,54200208,10,10,27,2026-06-21T01:15:10.138465,21,25
2026-06-21 01:19:01,mediboard,경상남도,0,0,A2800032,강병원,2803,D,28,8,9,54200379,1,1,28,2026-06-21T01:15:10.138465,9,10
2026-06-21 01:19:01,mediboard,경상남도,0,0,A2803677,강일병원,2804,D,28,6,8,54200217,3,3,28,2026-06-21T01:15:10.138465,9,11
2026-06-21 01:19:01,mediboard,경상남도,0,0,A2800076,거창적십자병원,2802,D,28,8,9,54200382,1,1,28,2026-06-21T01:15:10.138465,9,10
2026-06-21 01:19:01,mediboard,경상남도,3,3,A2800001,경상국립대학교병원,2811,A,28,19,30,54200430,5,5,28,2026-06-21T01:15:10.138465,27,38
2026-06-21 01:19:01,mediboard,경상남도,0,0,A2800025,경상남도마산의료원,2813,D,28,12,13,54200215,2,2,28,2026-06-21T01:15:10.138465,14,15
2026-06-21 01:19:01,mediboard,경상남도,0,0,A2800113,밀양병원,2806,D,28,6,8,54200435,1,1,28,2026-06-21T01:15:10.138465,7,9
2026-06-21 01:19:01,mediboard,경상남도,0,0,A2800084,반도병원,2811,D,28,6,7,54200333,1,1,28,2026-06-21T01:15:10.138465,7,8
2026-06-21 01:19:01,mediboard,경상남도,0,0,A2800019,베데스다복음병원,2809,D,28,9,9,54200432,1,1,28,2026-06-21T01:15:10.138465,10,10
2026-06-21 01:19:01,mediboard,경상남도,0,0,E2800380,산청군보건의료원,2808,D,28,5,5,54200221,1,1,28,2026-06-21T01:15:10.138465,6,6
2026-06-21 01:19:01,mediboard,경상남도,0,0,A2800055,삼성합천병원,2822,D,28,3,4,54200380,1,1,28,2026-06-21T01:15:10.138465,4,5
2026-06-21 01:19:01,mediboard,경상남도,0,0,A2800101,삼천포제일병원,2807,D,28,8,8,54200216,2,2,28,2026-06-21T01:15:10.138465,10,10
2026-06-21 01:19:01,mediboard,경상남도,0,0,A2800092,새통영병원,2818,D,28,6,9,54200163,1,1,28,2026-06-21T01:15:10.138465,7,10
2026-06-21 01:19:01,mediboard,경상남도,8,10,A2800011,양산부산대학교병원,2809,A,28,17,23,54200273,7,8,28,2026-06-21T01:15:10.138465,30,39
2026-06-21 01:19:01,mediboard,경상남도,0,0,A2804593,양산성모병원,2809,D,28,12,13,54200218,1,1,28,2026-06-21T01:15:10.138465,13,14
2026-06-21 01:19:01,mediboard,경상남도,0,0,A2800021,연세에스병원,2817,D,28,6,9,54200162,1,1,28,2026-06-21T01:15:10.138465,7,10
2026-06-21 01:19:01,mediboard,경상남도,0,0,A2800090,의령병원,2810,D,28,4,4,54200275,1,1,28,2026-06-21T01:15:10.138465,5,5
2026-06-21 01:19:01,mediboard,경상남도,0,0,A2800008,의료법인 거붕 백병원,2801,D,28,7,9,54200329,1,1,28,2026-06-21T01:15:10.138465,8,10
2026-06-21 01:19:01,mediboard,경상남도,0,0,A2800005,의료법인 대우의료재단대우병원,2801,D,28,7,9,54200110,1,1,28,2026-06-21T01:15:10.138465,8,10
2026-06-21 01:19:01,mediboard,경상남도,0,0,A2800015,의료법인 문병욱의료재단 진주고려병원,2811,D,28,10,10,54200431,1,1,28,2026-06-21T01:15:10.138465,11,11
2026-06-21 01:19:01,mediboard,경상남도,0,0,A2800022,의료법인 성념의료재단맑은샘병원,2801,D,28,8,9,54200483,1,1,28,2026-06-21T01:15:10.138465,9,10
2026-06-21 01:19:01,mediboard,경상남도,0,0,A2800094,의료법인 이도의료재단 남해병원,2805,D,28,5,8,54200276,2,2,28,2026-06-21T01:15:10.138465,7,10
2026-06-21 01:19:01,mediboard,경상남도,0,0,A2800014,의료법인갑을의료재단 갑을장유병원,2804,D,28,7,9,54200331,1,1,28,2026-06-21T01:15:10.138465,8,10
2026-06-21 01:19:01,mediboard,경상남도,0,0,A2800006,의료법인숭인의료재단 김해복음병원,2804,C,28,13,16,54200377,4,4,28,2026-06-21T01:15:10.138465,17,20
2026-06-21 01:19:01,mediboard,경상남도,0,0,A2800068,의료법인승연의료재단 삼천포서울병원,2807,D,28,9,9,54200381,1,1,28,2026-06-21T01:15:10.138465,10,10
2026-06-21 01:19:01,mediboard,경상남도,0,0,A2800009,의료법인청아의료재단청아병원,2814,D,28,7,9,54200330,1,1,28,2026-06-21T01:15:10.138465,8,10
2026-06-21 01:19:01,mediboard,경상남도,0,0,A2800017,의료법인합포의료재단에스엠지연세병원,2813,C,28,16,17,54200274,3,3,28,2026-06-21T01:15:10.138465,19,20
2026-06-21 01:19:01,mediboard,경상남도,0,0,A2800010,의료법인환명의료재단 조은금강병원,2804,C,28,14,17,54200214,3,3,28,2026-06-21T01:15:10.138465,17,20
2026-06-21 01:19:01,mediboard,경상남도,0,0,A2800003,제일병원,2811,C,28,13,17,54200213,3,3,28,2026-06-21T01:15:10.138465,16,20
2026-06-21 01:19:01,mediboard,경상남도,0,0,A2800037,진주복음병원,2811,D,28,7,9,54200111,1,1,28,2026-06-21T01:15:10.138465,8,10
2026-06-21 01:19:01,mediboard,경상남도,0,0,A2803505,창원경상국립대학교병원,2815,C,28,14,18,54200164,3,10,28,2026-06-21T01:15:10.138465,17,28
2026-06-21 01:19:01,mediboard,경상남도,0,0,A2800004,창원파티마병원,2816,C,28,11,17,54200328,3,3,28,2026-06-21T01:15:10.138465,14,20
2026-06-21 01:19:01,mediboard,경상남도,0,0,A2800007,창원한마음병원,2816,C,28,12,21,54200378,3,4,28,2026-06-21T01:15:10.138465,15,25
2026-06-21 01:19:01,mediboard,경상남도,0,0,A2800062,태황의료재단한성병원,2812,D,28,9,9,54200434,1,1,28,2026-06-21T01:15:10.138465,10,10
2026-06-21 01:19:01,mediboard,경상남도,3,3,A2800020,학교법인성균관대학삼성창원병원,2814,A,28,14,18,54200161,5,5,28,2026-06-21T01:15:10.138465,22,26
2026-06-21 01:19:01,mediboard,경상남도,0,0,A2800043,한일병원,2811,C,28,16,17,54200433,3,3,28,2026-06-21T01:15:10.138465,19,20
2026-06-21 01:19:01,mediboard,경상남도,0,0,A2800080,함양성심병원,2821,D,28,4,4,54200332,1,1,28,2026-06-21T01:15:10.138465,5,5
2026-06-21 01:19:01,mediboard,제주특별자치도,0,0,A2900003,의료법인 혜인의료재단 한국병원,2902,D,29,5,9,54200383,1,1,29,2026-06-21T01:15:10.138465,6,10
2026-06-21 01:19:01,mediboard,제주특별자치도,1,1,A2900006,의료법인중앙의료재단중앙병원,2902,C,29,10,16,54200219,3,3,29,2026-06-21T01:15:10.138465,14,20
2026-06-21 01:19:01,mediboard,제주특별자치도,0,0,A2900007,제주대학교병원,2902,C,29,8,20,54200334,4,6,29,2026-06-21T01:15:10.138465,12,26
2026-06-21 01:19:01,mediboard,제주특별자치도,2,4,A2900002,제주특별자치도서귀포의료원,2901,C,29,15,16,54200165,5,5,29,2026-06-21T01:15:10.138465,22,25
2026-06-21 01:19:01,mediboard,제주특별자치도,3,3,A2900001,제주한라병원,2902,A,29,9,17,54200484,5,5,29,2026-06-21T01:15:10.138465,17,25
2026-06-21 01:19:01,mediboard,제주특별자치도,0,0,A2900005,한마음병원,2902,C,29,10,17,54200436,2,3,29,2026-06-21T01:15:10.138465,12,20
2026-06-21 03:04:43,mediboard,서울특별시,0,0,A1100011,가톨릭대학교여의도성모병원,1120,C,11,13,15,54209420,5,5,11,2026-06-21T03:05:10.006562,18,20
2026-06-21 03:04:43,mediboard,서울특별시,8,8,A1121013,가톨릭대학교은평성모병원,1122,C,11,7,24,54209641,3,4,11,2026-06-21T03:05:10.006562,18,36
2026-06-21 03:04:43,mediboard,서울특별시,3,3,A1100043,강동경희대학교병원,1102,A,11,9,15,54209314,4,5,11,2026-06-21T03:05:10.006562,16,23
2026-06-21 03:04:43,mediboard,서울특별시,2,2,A1100006,강북삼성병원,1123,C,11,9,15,54209635,2,3,11,2026-06-21T03:05:10.006562,13,20
2026-06-21 03:04:43,mediboard,서울특별시,4,4,A1100002,건국대학교병원,1106,C,11,6,20,54209533,3,3,11,2026-06-21T03:05:10.006562,13,27
2026-06-21 03:04:43,mediboard,서울특별시,0,0,A1100039,경찰병원,1118,D,11,3,3,54209538,2,2,11,2026-06-21T03:05:10.006562,5,5
2026-06-21 03:04:43,mediboard,서울특별시,3,3,A1100001,경희대학교병원,1111,C,11,11,15,54209475,5,5,11,2026-06-21T03:05:10.006562,19,23
2026-06-21 03:04:43,mediboard,서울특별시,2,3,A1100014,고려대학교의과대학부속구로병원,1107,A,11,18,29,54209421,4,5,11,2026-06-21T03:05:10.006562,24,37
2026-06-21 03:04:43,mediboard,서울특별시,0,0,A1100026,구로성심병원,1107,D,11,6,9,54209638,1,1,11,2026-06-21T03:05:10.006562,7,10
2026-06-21 03:04:43,mediboard,서울특별시,3,3,A1100052,국립중앙의료원,1124,C,11,16,17,54209585,10,10,11,2026-06-21T03:05:10.006562,29,30
2026-06-21 03:04:43,mediboard,서울특별시,0,0,A1122033,기쁨병원,1115,D,11,3,4,54209268,1,1,11,2026-06-21T03:05:10.006562,4,5
2026-06-21 03:04:43,mediboard,서울특별시,0,0,A1100048,노원을지대학교병원,1109,C,11,14,17,54209266,5,5,11,2026-06-21T03:05:10.006562,19,22
2026-06-21 03:04:43,mediboard,서울특별시,0,0,A1100044,녹색병원,1125,D,11,4,5,54209584,5,5,11,2026-06-21T03:05:10.006562,9,10
2026-06-21 03:04:43,mediboard,서울특별시,0,0,A1100037,대림성모병원,1120,D,11,6,8,54209424,1,2,11,2026-06-21T03:05:10.006562,7,10
2026-06-21 03:04:43,mediboard,서울특별시,0,0,A1100024,명지성모병원,1120,D,11,8,8,54209264,2,2,11,2026-06-21T03:05:10.006562,10,10
2026-06-21 03:04:43,mediboard,서울특별시,0,0,A1100036,부민병원,1104,D,11,10,10,54209639,1,1,11,2026-06-21T03:05:10.006562,11,11
2026-06-21 03:04:43,mediboard,서울특별시,3,4,A1100010,삼성서울병원,1101,C,11,7,52,54209534,3,4,11,2026-06-21T03:05:10.006562,13,60
2026-06-21 03:04:43,mediboard,서울특별시,0,0,A1100021,삼육서울병원,1111,C,11,13,13,54209535,6,7,11,2026-06-21T03:05:10.006562,19,20
2026-06-21 03:04:43,mediboard,서울특별시,12,12,A1100017,서울대학교병원,1123,A,11,-3,24,54209263,8,8,11,2026-06-21T03:05:10.006562,15,42
2026-06-21 03:04:43,mediboard,서울특별시,0,0,A1100050,서울성심병원,1111,D,11,14,17,54209539,3,3,11,2026-06-21T03:05:10.006562,17,20
2026-06-21 03:04:43,mediboard,서울특별시,0,0,A1100029,서울적십자병원,1123,D,11,8,10,54209365,1,1,11,2026-06-21T03:05:10.006562,9,11
2026-06-21 03:04:43,mediboard,서울특별시,0,0,A1100022,서울특별시동부병원,1111,D,11,7,8,54209311,2,2,11,2026-06-21T03:05:10.006562,9,10
2026-06-21 03:04:43,mediboard,서울특별시,2,3,A1100040,서울특별시보라매병원,1112,C,11,19,31,54209366,3,3,11,2026-06-21T03:05:10.006562,24,37
2026-06-21 03:04:43,mediboard,서울특별시,0,0,A1100223,서울특별시서남병원,1119,D,11,6,6,54209315,2,2,11,2026-06-21T03:05:10.006562,8,8
2026-06-21 03:04:43,mediboard,서울특별시,2,3,A1100035,서울특별시서울의료원,1125,A,11,14,19,54209537,5,5,11,2026-06-21T03:05:10.006562,21,27
2026-06-21 03:04:43,mediboard,서울특별시,0,0,A1100028,성심의료재단강동성심병원,1102,C,11,12,15,54209536,9,9,11,2026-06-21T03:05:10.006562,21,24
2026-06-21 03:04:43,mediboard,서울특별시,0,0,A1100054,성애의료재단성애병원,1120,C,11,13,15,54209586,5,11,11,2026-06-21T03:05:10.006562,18,26
2026-06-21 03:04:43,mediboard,서울특별시,0,0,A1100032,세란병원,1123,D,11,10,10,54209423,1,1,11,2026-06-21T03:05:10.006562,11,11
2026-06-21 03:04:43,mediboard,서울특별시,4,4,A1100004,순천향대학교부속서울병원,1121,C,11,18,20,54209419,3,3,11,2026-06-21T03:05:10.006562,25,27
2026-06-21 03:04:43,mediboard,서울특별시,0,0,A1100045,씨엠병원,1120,D,11,9,10,54209479,0,0,11,2026-06-21T03:05:10.006562,9,10
2026-06-21 03:04:43,mediboard,서울특별시,2,2,A1100015,연세대학교의과대학강남세브란스병원,1101,C,11,9,21,54209637,2,3,11,2026-06-21T03:05:10.006562,13,26
2026-06-21 03:04:43,mediboard,서울특별시,4,10,A1100007,연세대학교의과대학세브란스병원,1114,C,11,22,39,54209581,6,6,11,2026-06-21T03:05:10.006562,30,53
2026-06-21 03:04:43,mediboard,서울특별시,0,0,A1100025,의료법인동신의료재단동신병원,1114,D,11,5,9,54209583,1,1,11,2026-06-21T03:05:10.006562,6,10
2026-06-21 03:04:43,mediboard,서울특별시,0,0,A1100041,의료법인서울효천의료재단에이치플러스양지병원,1105,C,11,15,18,54209313,3,3,11,2026-06-21T03:05:10.006562,18,21
2026-06-21 03:04:43,mediboard,서울특별시,0,0,A1100023,의료법인청구성심병원,1122,D,11,8,10,54209312,1,1,11,2026-06-21T03:05:10.006562,9,11
2026-06-21 03:04:43,mediboard,서울특별시,0,0,A1100075,의료법인풍산의료재단동부제일병원,1125,D,11,7,7,54209267,1,1,11,2026-06-21T03:05:10.006562,8,8
2026-06-21 03:04:43,mediboard,서울특별시,2,2,A1100020,의료법인한전의료재단한일병원,1110,C,11,14,21,54209478,4,4,11,2026-06-21T03:05:10.006562,20,27
2026-06-21 03:04:43,mediboard,서울특별시,8,8,A1100005,이화여자대학교의과대학부속목동병원,1119,A,11,15,19,54209580,6,6,11,2026-06-21T03:05:10.006562,29,33
2026-06-21 03:04:43,mediboard,서울특별시,0,9,A1120796,이화여자대학교의과대학부속서울병원,1104,C,11,-1,14,54209540,5,6,11,2026-06-21T03:05:10.006562,4,29
2026-06-21 03:04:43,mediboard,서울특별시,0,0,A1100016,인제대학교상계백병원,1109,C,11,13,16,54209582,6,7,11,2026-06-21T03:05:10.006562,19,23
2026-06-21 03:04:43,mediboard,서울특별시,9,14,A1100009,재단법인아산사회복지재단서울아산병원,1118,C,11,7,36,54209477,21,26,11,2026-06-21T03:05:10.006562,34,73
2026-06-21 03:04:43,mediboard,서울특별시,4,4,A1100003,중앙대학교병원,1112,C,11,9,18,54209418,0,0,11,2026-06-21T03:05:10.006562,13,22
2026-06-21 03:04:43,mediboard,서울특별시,6,9,A1100012,학교법인가톨릭학원가톨릭대학교서울성모병원,1115,C,11,9,28,54209364,5,8,11,2026-06-21T03:05:10.006562,19,43
2026-06-21 03:04:43,mediboard,서울특별시,4,4,A1100008,학교법인고려중앙학원고려대학교의과대학부속병원(안암병원),1117,A,11,18,30,54209476,8,9,11,2026-06-21T03:05:10.006562,30,43
2026-06-21 03:04:43,mediboard,서울특별시,0,0,A1100053,한국보훈복지의료공단중앙보훈병원,1102,C,11,20,22,54209425,3,3,11,2026-06-21T03:05:10.006562,23,25
2026-06-21 03:04:43,mediboard,서울특별시,0,0,A1100027,한국원자력의학원원자력병원,1109,D,11,9,9,54209265,3,3,11,2026-06-21T03:05:10.006562,12,12
2026-06-21 03:04:43,mediboard,서울특별시,3,3,A1100055,한림대학교강남성심병원,1120,C,11,18,20,54209481,5,5,11,2026-06-21T03:05:10.006562,26,28
2026-06-21 03:04:43,mediboard,서울특별시,3,3,A1100013,한양대학교병원,1116,A,11,7,20,54209636,8,12,11,2026-06-21T03:05:10.006562,18,35
2026-06-21 03:04:43,mediboard,서울특별시,0,0,A1100051,혜민병원,1106,D,11,9,9,54209480,1,1,11,2026-06-21T03:05:10.006562,10,10
2026-06-21 03:04:43,mediboard,서울특별시,0,0,A1100019,홍익병원,1119,D,11,9,9,54209422,1,1,11,2026-06-21T03:05:10.006562,10,10
2026-06-21 03:04:43,mediboard,서울특별시,0,0,A1100049,희명병원,1108,D,11,10,10,54209640,1,1,11,2026-06-21T03:05:10.006562,11,11
2026-06-21 03:04:43,mediboard,부산광역시,0,0,A1200028,(의)서일의료재단기장병원,1203,D,12,9,9,54209542,1,1,12,2026-06-21T03:05:10.006562,10,10
2026-06-21 03:04:43,mediboard,부산광역시,0,0,A1200004,고신대학교복음병원,1211,C,12,18,25,54209316,5,5,12,2026-06-21T03:05:10.006562,23,30
2026-06-21 03:04:43,mediboard,부산광역시,0,0,A1200045,구포성심병원,1208,D,12,6,9,54209371,1,1,12,2026-06-21T03:05:10.006562,7,10
2026-06-21 03:04:43,mediboard,부산광역시,3,3,A1200018,대동병원,1206,C,12,11,15,54209428,3,3,12,2026-06-21T03:05:10.006562,17,21
2026-06-21 03:04:43,mediboard,부산광역시,0,0,A1200015,동남권원자력의학원원자력병원,1203,D,12,9,9,54209485,1,1,12,2026-06-21T03:05:10.006562,10,10
2026-06-21 03:04:43,mediboard,부산광역시,0,0,A1200011,동래봉생병원,1206,D,12,8,8,54209589,2,2,12,2026-06-21T03:05:10.006562,10,10
2026-06-21 03:04:43,mediboard,부산광역시,3,3,A1200003,동아대학교병원,1211,A,12,17,19,54209642,5,5,12,2026-06-21T03:05:10.006562,25,27
2026-06-21 03:04:43,mediboard,부산광역시,0,0,A1200024,부산광역시의료원,1213,D,12,18,18,54209591,2,8,12,2026-06-21T03:05:10.006562,20,26
2026-06-21 03:04:43,mediboard,부산광역시,3,3,A1200002,부산대학교병원,1211,C,12,12,19,54209269,2,3,12,2026-06-21T03:05:10.006562,17,25
2026-06-21 03:04:43,mediboard,부산광역시,4,4,A1200013,부산성모병원(재단법인 천주교부산교구유지재단),1204,D,12,9,10,54209484,5,5,12,2026-06-21T03:05:10.006562,18,19
2026-06-21 03:04:43,mediboard,부산광역시,0,0,A1200007,비에이치에스한서병원,1212,C,12,14,17,54209483,3,3,12,2026-06-21T03:05:10.006562,17,20
2026-06-21 03:04:43,mediboard,부산광역시,0,0,A1200021,삼육부산병원,1211,D,12,7,9,54209369,1,1,12,2026-06-21T03:05:10.006562,8,10
2026-06-21 03:04:43,mediboard,부산광역시,0,0,A1200014,영도병원,1214,D,12,7,7,54209368,2,2,12,2026-06-21T03:05:10.006562,9,9
2026-06-21 03:04:43,mediboard,부산광역시,0,0,A1200009,의료법인 광혜의료재단 광혜병원,1206,D,12,8,9,54209588,3,3,12,2026-06-21T03:05:10.006562,11,12
2026-06-21 03:04:43,mediboard,부산광역시,0,0,A1200098,의료법인 센텀의료재단 센텀종합병원,1212,D,12,6,9,54209486,1,1,12,2026-06-21T03:05:10.006562,7,10
2026-06-21 03:04:43,mediboard,부산광역시,0,0,A1200020,의료법인 온그룹의료재단 온병원,1207,C,12,17,20,54209270,3,3,12,2026-06-21T03:05:10.006562,20,23
2026-06-21 03:04:43,mediboard,부산광역시,0,0,A1200008,의료법인 은성의료재단 좋은강안병원,1212,D,12,11,15,54209426,2,2,12,2026-06-21T03:05:10.006562,13,17
2026-06-21 03:04:43,mediboard,부산광역시,1,1,A1200005,의료법인 은성의료재단 좋은삼선병원,1209,C,12,11,13,54209367,6,6,12,2026-06-21T03:05:10.006562,18,20
2026-06-21 03:04:43,mediboard,부산광역시,0,0,A1200006,의료법인 인당의료재단 부민병원,1208,D,12,8,10,54209587,2,2,12,2026-06-21T03:05:10.006562,10,12
2026-06-21 03:04:43,mediboard,부산광역시,0,0,A1205143,의료법인 인당의료재단 해운대부민병원,1216,D,12,9,9,54209543,1,1,12,2026-06-21T03:05:10.006562,10,10
2026-06-21 03:04:43,mediboard,부산광역시,0,0,A1200012,의료법인 행도의료재단 해동병원,1214,D,12,6,6,54209317,1,1,12,2026-06-21T03:05:10.006562,7,7
2026-06-21 03:04:43,mediboard,부산광역시,0,0,A1200017,의료법인정화의료재단 봉생기념병원,1205,D,12,6,9,54209427,0,2,12,2026-06-21T03:05:10.006562,6,11
2026-06-21 03:04:43,mediboard,부산광역시,0,3,A1200022,인제대학교 해운대백병원,1216,A,12,24,29,54209541,5,5,12,2026-06-21T03:05:10.006562,29,37
2026-06-21 03:04:43,mediboard,부산광역시,0,0,A1200001,인제대학교부산백병원,1207,C,12,27,32,54209482,3,3,12,2026-06-21T03:05:10.006562,30,35
2026-06-21 03:04:43,mediboard,부산광역시,0,0,A1200023,재단법인천주교부산교구유지재단 메리놀병원,1215,D,12,7,9,54209370,1,1,12,2026-06-21T03:05:10.006562,8,10
2026-06-21 03:04:43,mediboard,부산광역시,2,2,A1200026,좋은문화병원,1205,D,12,4,7,54209272,3,3,12,2026-06-21T03:05:10.006562,9,12
2026-06-21 03:04:43,mediboard,부산광역시,0,0,A1200025,학교법인 춘해병원,1207,D,12,7,9,54209271,1,1,12,2026-06-21T03:05:10.006562,8,10
2026-06-21 03:04:43,mediboard,부산광역시,0,0,A1200019,학교법인)동의병원,1207,D,12,14,14,54209318,1,1,12,2026-06-21T03:05:10.006562,15,15
2026-06-21 03:04:43,mediboard,부산광역시,0,0,A1200016,한국보훈복지의료공단 부산보훈병원,1209,D,12,10,11,54209590,2,2,12,2026-06-21T03:05:10.006562,12,13
2026-06-21 03:04:43,mediboard,인천광역시,0,0,A1300081,(재)미리내천주성삼성직수도회천주성삼병원,1307,D,13,8,9,54209488,1,2,13,2026-06-21T03:05:10.006562,9,11
2026-06-21 03:04:43,mediboard,인천광역시,0,0,A1300018,강남종합병원,1304,D,13,15,15,54209596,1,1,13,2026-06-21T03:05:10.006562,16,16
2026-06-21 03:04:43,mediboard,인천광역시,4,4,A1300002,경북대학교병원,1308,A,13,15,27,54209592,5,5,13,2026-06-21T03:05:10.006562,24,36
2026-06-21 03:04:43,mediboard,인천광역시,0,0,A1303386,계명대학교대구동산병원,1308,D,13,11,12,54209320,2,2,13,2026-06-21T03:05:10.006562,13,14
2026-06-21 03:04:43,mediboard,인천광역시,0,0,A1300003,계명대학교동산병원,1302,C,13,15,23,54209273,1,3,13,2026-06-21T03:05:10.006562,16,26
2026-06-21 03:04:43,mediboard,인천광역시,0,0,A1300008,곽병원,1308,D,13,10,10,54209595,2,2,13,2026-06-21T03:05:10.006562,12,12
2026-06-21 03:04:43,mediboard,인천광역시,0,0,A1300038,나사렛종합병원,1302,D,13,8,9,54209643,2,10,13,2026-06-21T03:05:10.006562,10,19
2026-06-21 03:04:43,mediboard,인천광역시,0,0,A1300004,대구가톨릭대학교병원,1301,C,13,16,24,54209373,4,4,13,2026-06-21T03:05:10.006562,20,28
2026-06-21 03:04:43,mediboard,인천광역시,0,0,A1300005,대구가톨릭대학교칠곡가톨릭병원,1305,D,13,8,9,54209593,1,1,13,2026-06-21T03:05:10.006562,9,10
2026-06-21 03:04:43,mediboard,인천광역시,0,0,A1300076,대구굿모닝병원,1306,D,13,17,17,54209597,2,2,13,2026-06-21T03:05:10.006562,19,19
2026-06-21 03:04:43,mediboard,인천광역시,0,0,A1300007,대구의료원,1306,D,13,16,18,54209594,2,2,13,2026-06-21T03:05:10.006562,18,20
2026-06-21 03:04:43,mediboard,인천광역시,3,5,A1300009,대구파티마병원,1304,C,13,5,25,54209374,6,7,13,2026-06-21T03:05:10.006562,14,37
2026-06-21 03:04:43,mediboard,인천광역시,0,0,A1300110,더블유병원,1302,D,13,10,10,54209429,1,1,13,2026-06-21T03:05:10.006562,11,11
2026-06-21 03:04:43,mediboard,인천광역시,0,0,A1300034,드림종합병원,1301,D,13,7,8,54209487,2,2,13,2026-06-21T03:05:10.006562,9,10
2026-06-21 03:04:43,mediboard,인천광역시,0,0,A1300045,삼일병원,1302,D,13,11,14,54209376,1,1,13,2026-06-21T03:05:10.006562,12,15
2026-06-21 03:04:43,mediboard,인천광역시,3,3,A1300001,영남대학교병원,1301,A,13,22,28,54209372,5,5,13,2026-06-21T03:05:10.006562,30,36
2026-06-21 03:04:43,mediboard,인천광역시,0,0,A1300006,의료법인구의료재단구병원,1302,D,13,8,10,54209319,1,1,13,2026-06-21T03:05:10.006562,9,11
2026-06-21 03:04:43,mediboard,인천광역시,7,9,A1300010,칠곡경북대학교병원,1305,C,13,16,23,54209544,6,6,13,2026-06-21T03:05:10.006562,27,36
2026-06-21 03:04:43,mediboard,인천광역시,0,0,A1300011,한국보훈복지의료공단대구보훈병원,1302,D,13,12,12,54209375,2,2,13,2026-06-21T03:05:10.006562,14,14
2026-06-21 03:04:43,mediboard,대구광역시,0,0,A1400008,(의)성세의료재단 뉴성민병원,1407,D,14,8,9,54209322,1,1,14,2026-06-21T03:05:10.006562,9,10
2026-06-21 03:04:43,mediboard,대구광역시,0,3,A1400015,가톨릭관동대학교국제성모병원,1407,C,14,14,23,54209432,4,5,14,2026-06-21T03:05:10.006562,18,31
2026-06-21 03:04:43,mediboard,대구광역시,3,4,A1400012,가톨릭대학교 인천성모병원,1406,C,14,5,19,54209546,7,8,14,2026-06-21T03:05:10.006562,15,31
2026-06-21 03:04:43,mediboard,대구광역시,0,0,A1400010,검단탑병원,1407,C,14,14,18,54209274,3,3,14,2026-06-21T03:05:10.006562,17,21
2026-06-21 03:04:43,mediboard,대구광역시,0,0,A1403617,비에스종합병원,1401,D,14,10,10,54209491,1,1,14,2026-06-21T03:05:10.006562,11,11
2026-06-21 03:04:43,mediboard,대구광역시,0,0,A1400013,안은의료재단 부평세림병원,1406,C,14,14,16,54209431,4,4,14,2026-06-21T03:05:10.006562,18,20
2026-06-21 03:04:43,mediboard,대구광역시,0,0,A1400005,온누리병원,1407,D,14,7,9,54209545,2,2,14,2026-06-21T03:05:10.006562,9,11
2026-06-21 03:04:43,mediboard,대구광역시,11,11,A1400001,의료법인 길의료재단 길병원,1404,A,14,8,25,54209598,6,7,14,2026-06-21T03:05:10.006562,23,41
2026-06-21 03:04:43,mediboard,대구광역시,0,0,A1400011,의료법인 나사렛의료재단 나사렛국제병원,1408,C,14,13,17,54209275,3,5,14,2026-06-21T03:05:10.006562,16,22
2026-06-21 03:04:43,mediboard,대구광역시,0,0,A1400003,의료법인 루가의료재단 나은병원,1407,C,14,10,11,54209321,10,10,14,2026-06-21T03:05:10.006562,20,21
2026-06-21 03:04:43,mediboard,대구광역시,0,0,A1400007,의료법인 성수의료재단 인천백병원,1405,D,14,5,5,54209430,1,1,14,2026-06-21T03:05:10.006562,6,6
2026-06-21 03:04:43,mediboard,대구광역시,0,0,A1400014,의료법인인성의료재단한림병원,1402,C,14,14,17,54209547,4,4,14,2026-06-21T03:05:10.006562,18,21
2026-06-21 03:04:43,mediboard,대구광역시,0,0,A1400017,인천광역시의료원,1405,D,14,13,15,54209324,2,2,14,2026-06-21T03:05:10.006562,15,17
2026-06-21 03:04:43,mediboard,대구광역시,0,0,A1400037,인천광역시의료원백령병원,1409,D,14,3,5,54209434,1,1,14,2026-06-21T03:05:10.006562,4,6
2026-06-21 03:04:43,mediboard,대구광역시,0,0,A1400009,인천기독병원,1410,D,14,8,8,54209323,1,1,14,2026-06-21T03:05:10.006562,9,9
2026-06-21 03:04:43,mediboard,대구광역시,0,0,A1400016,인천사랑병원,1403,C,14,11,14,54209489,7,7,14,2026-06-21T03:05:10.006562,18,21
2026-06-21 03:04:43,mediboard,대구광역시,0,0,A1403372,인천세종병원,1402,C,14,12,18,54209490,3,3,14,2026-06-21T03:05:10.006562,15,21
2026-06-21 03:04:43,mediboard,대구광역시,0,0,A1400018,인천적십자병원,1408,D,14,8,8,54209433,2,2,14,2026-06-21T03:05:10.006562,10,10
2026-06-21 03:04:43,mediboard,대구광역시,0,0,A1403871,인천힘찬종합병원,1404,D,14,16,17,54209548,3,6,14,2026-06-21T03:05:10.006562,19,23
2026-06-21 03:04:43,mediboard,대구광역시,6,9,A1400002,인하대학교의과대학부속병원,1410,A,14,12,20,54209377,8,9,14,2026-06-21T03:05:10.006562,24,36
2026-06-21 03:04:43,mediboard,대구광역시,0,0,A1400004,현대유비스병원,1403,D,14,18,18,54209599,1,1,14,2026-06-21T03:05:10.006562,19,19
2026-06-21 03:04:43,mediboard,광주광역시,6,7,A1500019,KS병원,1501,C,15,12,15,54209549,3,3,15,2026-06-21T03:05:10.006562,21,25
2026-06-21 03:04:43,mediboard,광주광역시,0,0,A1500021,광주기독병원,1502,C,15,9,20,54209550,3,6,15,2026-06-21T03:05:10.006562,12,26
2026-06-21 03:04:43,mediboard,광주광역시,0,0,A1500015,광주병원,1504,D,15,10,10,54209278,1,1,15,2026-06-21T03:05:10.006562,11,11
2026-06-21 03:04:43,mediboard,광주광역시,0,0,A1500004,광주보훈병원,1501,D,15,12,14,54209378,2,2,15,2026-06-21T03:05:10.006562,14,16
2026-06-21 03:04:43,mediboard,광주광역시,0,0,A1502007,광주센트럴병원,1501,D,15,8,10,54209603,1,1,15,2026-06-21T03:05:10.006562,9,11
2026-06-21 03:04:43,mediboard,광주광역시,0,0,A1500018,광주수완병원,1501,D,15,8,9,54209279,0,1,15,2026-06-21T03:05:10.006562,8,10
2026-06-21 03:04:43,mediboard,광주광역시,0,0,A1500009,광주씨티병원,1502,D,15,7,10,54209276,1,1,15,2026-06-21T03:05:10.006562,8,11
2026-06-21 03:04:43,mediboard,광주광역시,0,0,A1500005,광주일곡병원,1504,D,15,8,9,54209644,1,1,15,2026-06-21T03:05:10.006562,9,10
2026-06-21 03:04:43,mediboard,광주광역시,0,0,A1500016,광주한국병원,1505,D,15,13,15,54209494,1,1,15,2026-06-21T03:05:10.006562,14,16
2026-06-21 03:04:43,mediboard,광주광역시,0,0,A1500003,광주현대병원,1504,D,15,6,9,54209492,2,2,15,2026-06-21T03:05:10.006562,8,11
2026-06-21 03:04:43,mediboard,광주광역시,0,0,A1500007,광주희망병원,1504,D,15,9,9,54209325,1,1,15,2026-06-21T03:05:10.006562,10,10
2026-06-21 03:04:43,mediboard,광주광역시,0,0,A1500013,동아병원,1502,D,15,4,9,54209277,1,1,15,2026-06-21T03:05:10.006562,5,10
2026-06-21 03:04:43,mediboard,광주광역시,0,0,A1500014,미래로21병원,1505,D,15,8,9,54209493,1,1,15,2026-06-21T03:05:10.006562,9,10
2026-06-21 03:04:43,mediboard,광주광역시,0,0,A1500022,상무병원,1505,D,15,7,9,54209602,1,1,15,2026-06-21T03:05:10.006562,8,10
2026-06-21 03:04:43,mediboard,광주광역시,2,2,A1500020,서광병원,1505,C,15,16,18,54209647,3,3,15,2026-06-21T03:05:10.006562,21,23
2026-06-21 03:04:43,mediboard,광주광역시,0,0,A1500006,신가병원,1501,D,15,9,9,54209645,2,2,15,2026-06-21T03:05:10.006562,11,11
2026-06-21 03:04:43,mediboard,광주광역시,0,0,A1500010,운암한국병원,1504,D,15,9,9,54209601,1,1,15,2026-06-21T03:05:10.006562,10,10
2026-06-21 03:04:43,mediboard,광주광역시,4,4,A1500002,전남대학교병원,1503,A,15,23,28,54209600,3,7,15,2026-06-21T03:05:10.006562,30,39
2026-06-21 03:04:43,mediboard,광주광역시,4,4,A1500001,조선대학교병원,1503,A,15,14,23,54209435,5,5,15,2026-06-21T03:05:10.006562,23,32
2026-06-21 03:04:43,mediboard,광주광역시,0,0,A1500011,첨단종합병원,1501,C,15,20,22,54209646,3,3,15,2026-06-21T03:05:10.006562,23,25
2026-06-21 03:04:43,mediboard,광주광역시,0,0,A1500017,하남성심병원,1501,D,15,18,19,54209436,1,2,15,2026-06-21T03:05:10.006562,19,21
2026-06-21 03:04:43,mediboard,대전광역시,0,0,A1600004,대전보훈병원,1601,D,16,7,7,54209280,2,2,16,2026-06-21T03:05:10.006562,9,9
2026-06-21 03:04:43,mediboard,대전광역시,0,0,A1600003,대전한국병원,1602,D,16,8,9,54209437,1,1,16,2026-06-21T03:05:10.006562,9,10
2026-06-21 03:04:43,mediboard,대전광역시,0,0,A1602246,대청병원,1603,D,16,8,9,54209551,1,1,16,2026-06-21T03:05:10.006562,9,10
2026-06-21 03:04:43,mediboard,대전광역시,0,0,A1600008,의료법인영훈의료재단대전선병원,1605,C,16,15,17,54209438,4,9,16,2026-06-21T03:05:10.006562,19,26
2026-06-21 03:04:43,mediboard,대전광역시,0,0,A1600007,의료법인영훈의료재단유성선병원,1604,C,16,9,17,54209327,3,7,16,2026-06-21T03:05:10.006562,12,24
2026-06-21 03:04:43,mediboard,대전광역시,5,6,A1600001,충남대학교병원,1605,A,16,21,28,54209379,5,5,16,2026-06-21T03:05:10.006562,31,39
2026-06-21 03:04:43,mediboard,대전광역시,0,0,A1600005,학교법인가톨릭학원가톨릭대학교대전성모병원,1605,C,16,14,19,54209648,3,3,16,2026-06-21T03:05:10.006562,17,22
2026-06-21 03:04:43,mediboard,대전광역시,5,5,A1600006,학교법인건양교육재단건양대학교병원,1603,A,16,20,24,54209326,5,5,16,2026-06-21T03:05:10.006562,30,34
2026-06-21 03:04:43,mediboard,대전광역시,0,0,A1600002,학교법인을지학원대전을지대학교병원,1603,C,16,21,23,54209604,6,6,16,2026-06-21T03:05:10.006562,27,29
2026-06-21 03:04:43,mediboard,울산광역시,0,0,A1700001,서울산보람병원,1704,D,17,9,10,54209328,1,1,17,2026-06-21T03:05:10.006562,10,11
2026-06-21 03:04:43,mediboard,울산광역시,0,0,A1700003,울산병원,1701,C,17,18,19,54209495,3,3,17,2026-06-21T03:05:10.006562,21,22
2026-06-21 03:04:43,mediboard,울산광역시,0,0,A1700002,의료법인동강의료재단동강병원,1705,C,17,21,24,54209552,3,3,17,2026-06-21T03:05:10.006562,24,27
2026-06-21 03:04:43,mediboard,울산광역시,0,0,A1700025,의료법인송은의료재단울산시티병원,1703,C,17,12,17,54209496,3,3,17,2026-06-21T03:05:10.006562,15,20
2026-06-21 03:04:43,mediboard,울산광역시,0,0,A1700011,의료법인은성의료재단좋은삼정병원,1701,D,17,8,9,54209553,1,1,17,2026-06-21T03:05:10.006562,9,10
2026-06-21 03:04:43,mediboard,울산광역시,0,0,A1700028,의료법인정안의료재단중앙병원,1701,C,17,15,17,54209380,3,3,17,2026-06-21T03:05:10.006562,18,20
2026-06-21 03:04:43,mediboard,울산광역시,7,8,A1700004,학교법인울산공업학원울산대학교병원,1702,A,17,11,23,54209439,6,6,17,2026-06-21T03:05:10.006562,24,37
2026-06-21 03:04:43,mediboard,경기도,0,0,A2100019,(의)영문의료재단 다보스병원,2136,C,21,13,13,54209385,7,7,21,2026-06-21T03:05:10.006562,20,20
2026-06-21 03:04:43,mediboard,경기도,0,0,A2100122,(의)효심의료재단용인서울병원,2136,D,21,10,10,54209657,0,0,21,2026-06-21T03:05:10.006562,10,10
2026-06-21 03:04:43,mediboard,경기도,0,0,A2100052,가톨릭대학교부천성모병원,2113,C,21,27,31,54209288,6,6,21,2026-06-21T03:05:10.006562,33,37
2026-06-21 03:04:43,mediboard,경기도,6,8,A2100012,가톨릭대학교성빈센트병원,2122,C,21,8,28,54209440,5,6,21,2026-06-21T03:05:10.006562,17,40
2026-06-21 03:04:43,mediboard,경기도,11,11,A2100040,가톨릭대학교의정부성모병원,2138,A,21,35,44,54209334,6,6,21,2026-06-21T03:05:10.006562,52,61
2026-06-21 03:04:43,mediboard,경기도,0,0,A2100029,강남병원,2134,C,21,17,17,54209556,3,3,21,2026-06-21T03:05:10.006562,20,20
2026-06-21 03:04:43,mediboard,경기도,0,0,A2100193,경기도의료원 이천병원,2139,C,21,13,17,54209558,2,3,21,2026-06-21T03:05:10.006562,15,20
2026-06-21 03:04:43,mediboard,경기도,0,0,A2100032,경기도의료원수원병원,2121,D,21,8,8,54209499,5,5,21,2026-06-21T03:05:10.006562,13,13
2026-06-21 03:04:43,mediboard,경기도,0,0,A2100045,경기도의료원안성병원,2126,D,21,13,14,54209500,1,5,21,2026-06-21T03:05:10.006562,14,19
2026-06-21 03:04:43,mediboard,경기도,0,0,A2100043,경기도의료원의정부병원,2138,D,21,9,10,54209653,1,1,21,2026-06-21T03:05:10.006562,10,11
2026-06-21 03:04:43,mediboard,경기도,0,0,A2100035,경기도의료원파주병원,2140,C,21,12,17,54209286,3,3,21,2026-06-21T03:05:10.006562,15,20
2026-06-21 03:04:43,mediboard,경기도,0,0,A2100031,경기도의료원포천병원,2142,C,21,17,17,54209443,3,3,21,2026-06-21T03:05:10.006562,20,20
2026-06-21 03:04:43,mediboard,경기도,4,4,A2100003,고려대학교의과대학부속안산병원,2124,A,21,14,22,54209331,8,8,21,2026-06-21T03:05:10.006562,26,34
2026-06-21 03:04:43,mediboard,경기도,4,4,A2100007,광명성애병원,2106,C,21,10,11,54209606,5,5,21,2026-06-21T03:05:10.006562,19,20
2026-06-21 03:04:43,mediboard,경기도,0,0,A2100258,국군수도병원,2116,D,21,16,16,54209559,0,2,21,2026-06-21T03:05:10.006562,16,18
2026-06-21 03:04:43,mediboard,경기도,0,0,A2100049,국립암센터,2103,D,21,20,24,54209445,1,1,21,2026-06-21T03:05:10.006562,21,25
2026-06-21 03:04:43,mediboard,경기도,1,5,A2100033,국민건강보험공단일산병원,2103,A,21,12,23,54209651,5,5,21,2026-06-21T03:05:10.006562,18,33
2026-06-21 03:04:43,mediboard,경기도,0,0,A2100014,근로복지공단안산병원,2125,D,21,7,7,54209382,1,1,21,2026-06-21T03:05:10.006562,8,8
2026-06-21 03:04:43,mediboard,경기도,0,0,A2100041,남양주한양병원,2111,C,21,17,17,54209652,3,3,21,2026-06-21T03:05:10.006562,20,20
2026-06-21 03:04:43,mediboard,경기도,0,0,A2100017,대아의료재단한도병원,2124,C,21,17,17,54209384,3,3,21,2026-06-21T03:05:10.006562,20,20
2026-06-21 03:04:43,mediboard,경기도,3,3,A2100025,대진의료재단분당제생병원,2116,C,21,21,24,54209608,3,3,21,2026-06-21T03:05:10.006562,27,30
2026-06-21 03:04:43,mediboard,경기도,3,3,A2100047,동국대학교일산불교병원,2103,C,21,16,19,54209444,7,7,21,2026-06-21T03:05:10.006562,26,29
2026-06-21 03:04:43,mediboard,경기도,0,0,A2100131,메디인병원,2140,D,21,11,12,54209610,2,2,21,2026-06-21T03:05:10.006562,13,14
2026-06-21 03:04:43,mediboard,경기도,0,0,A2121142,메디필드한강병원,2136,D,21,16,17,54209615,3,3,21,2026-06-21T03:05:10.006562,19,20
2026-06-21 03:04:43,mediboard,경기도,0,0,A2100055,부천세종병원,2113,C,21,14,17,54209390,3,3,21,2026-06-21T03:05:10.006562,17,20
2026-06-21 03:04:43,mediboard,경기도,4,5,A2100001,분당서울대학교병원,2116,A,21,-8,30,54209330,4,5,21,2026-06-21T03:05:10.006562,0,40
2026-06-21 03:04:43,mediboard,경기도,6,6,A2116806,성남시의료원,2117,C,21,14,17,54209614,6,6,21,2026-06-21T03:05:10.006562,26,29
2026-06-21 03:04:43,mediboard,경기도,0,0,A2100011,성남중앙병원,2118,D,21,7,9,54209283,1,1,21,2026-06-21T03:05:10.006562,8,10
2026-06-21 03:04:43,mediboard,경기도,0,0,A2100194,세종여주병원,2131,D,21,6,6,54209289,7,7,21,2026-06-21T03:05:10.006562,13,13
2026-06-21 03:04:43,mediboard,경기도,0,0,A2100016,순천의료재단성남정병원,2117,D,21,8,9,54209332,2,2,21,2026-06-21T03:05:10.006562,10,11
2026-06-21 03:04:43,mediboard,경기도,4,5,A2100005,순천향대학교부속부천병원,2113,A,21,9,17,54209282,3,5,21,2026-06-21T03:05:10.006562,16,27
2026-06-21 03:04:43,mediboard,경기도,6,14,A2100002,아주대학교병원,2120,A,21,17,32,54209381,9,13,21,2026-06-21T03:05:10.006562,30,54
2026-06-21 03:04:43,mediboard,경기도,0,0,A2100305,안성성모병원,2126,D,21,8,9,54209613,1,1,21,2026-06-21T03:05:10.006562,9,10
2026-06-21 03:04:43,mediboard,경기도,0,0,A2100089,양평병원,2130,D,21,8,9,54209502,1,1,21,2026-06-21T03:05:10.006562,9,10
2026-06-21 03:04:43,mediboard,경기도,0,0,A2118188,엘병원,2111,D,21,8,8,54209504,2,2,21,2026-06-21T03:05:10.006562,10,10
2026-06-21 03:04:43,mediboard,경기도,6,6,A2100020,연세대학교의과대학용인세브란스병원,2134,C,21,12,16,54209649,2,4,21,2026-06-21T03:05:10.006562,20,26
2026-06-21 03:04:43,mediboard,경기도,0,0,E2100187,연천군보건의료원,2132,D,21,10,10,54209308,0,0,21,2026-06-21T03:05:10.006562,10,10
2026-06-21 03:04:43,mediboard,경기도,0,0,A2100024,오산한국병원,2133,C,21,13,17,54209650,3,3,21,2026-06-21T03:05:10.006562,16,20
2026-06-21 03:04:43,mediboard,경기도,0,0,A2100048,원광대학교산본병원,2109,C,21,15,17,54209389,3,3,21,2026-06-21T03:05:10.006562,18,20
2026-06-21 03:04:43,mediboard,경기도,5,5,A2100008,의료법인 남촌의료재단 시화병원,2123,C,21,10,16,54209497,5,6,21,2026-06-21T03:05:10.006562,20,27
2026-06-21 03:04:43,mediboard,경기도,0,0,A2100013,의료법인 록향의료재단 신천연합병원,2123,D,21,9,10,54209607,1,1,21,2026-06-21T03:05:10.006562,10,11
2026-06-21 03:04:43,mediboard,경기도,0,0,A2100036,의료법인 일심의료재단 포천우리병원,2142,D,21,18,18,54209388,4,4,21,2026-06-21T03:05:10.006562,22,22
2026-06-21 03:04:43,mediboard,경기도,0,0,A2100309,의료법인갈렌의료재단박병원,2141,D,21,7,10,54209447,1,1,21,2026-06-21T03:05:10.006562,8,11
2026-06-21 03:04:43,mediboard,경기도,0,0,A2100009,의료법인녹산의료재단동수원병원,2122,C,21,15,17,54209498,2,3,21,2026-06-21T03:05:10.006562,17,20
2026-06-21 03:04:43,mediboard,경기도,0,0,A2100050,의료법인대인의료재단다니엘종합병원,2113,D,21,3,6,54209655,4,4,21,2026-06-21T03:05:10.006562,7,10
2026-06-21 03:04:43,mediboard,경기도,3,3,A2121061,의료법인덕산의료재단수원덕산병원,2119,D,21,22,24,54209658,3,3,21,2026-06-21T03:05:10.006562,28,30
2026-06-21 03:04:43,mediboard,경기도,0,0,A2117135,의료법인명인의료재단화홍병원,2119,C,21,13,15,54209392,5,5,21,2026-06-21T03:05:10.006562,18,20
2026-06-21 03:04:43,mediboard,경기도,3,3,A2100042,의료법인명지의료재단명지병원,2102,A,21,10,15,54209609,11,11,21,2026-06-21T03:05:10.006562,21,26
2026-06-21 03:04:43,mediboard,경기도,0,0,A2100022,의료법인박애의료재단박애병원,2141,D,21,10,10,54209386,1,1,21,2026-06-21T03:05:10.006562,11,11
2026-06-21 03:04:43,mediboard,경기도,0,0,A2100028,의료법인백송의료재단굿모닝병원,2141,C,21,16,19,54209387,8,9,21,2026-06-21T03:05:10.006562,24,28
2026-06-21 03:04:43,mediboard,경기도,0,0,A2100027,의료법인석경의료재단센트럴병원,2123,D,21,16,18,54209442,3,3,21,2026-06-21T03:05:10.006562,19,21
2026-06-21 03:04:43,mediboard,경기도,0,0,A2116972,의료법인성광의료재단일산차병원,2103,D,21,6,6,54209391,3,4,21,2026-06-21T03:05:10.006562,9,10
2026-06-21 03:04:43,mediboard,경기도,0,0,A2113246,의료법인양진의료재단평택성모병원,2141,C,21,15,17,54209448,3,3,21,2026-06-21T03:05:10.006562,18,20
2026-06-21 03:04:43,mediboard,경기도,0,0,A2100034,의료법인영동의료재단의정부백병원,2138,D,21,9,10,54209285,2,2,21,2026-06-21T03:05:10.006562,11,12
2026-06-21 03:04:43,mediboard,경기도,0,0,A2100053,의료법인우리의료재단김포우리병원,2110,C,21,13,22,54209501,7,7,21,2026-06-21T03:05:10.006562,20,29
2026-06-21 03:04:43,mediboard,경기도,0,0,A2115699,의료법인원광의료재단원광종합병원,2146,D,21,8,9,54209336,1,1,21,2026-06-21T03:05:10.006562,9,10
2026-06-21 03:04:43,mediboard,경기도,0,0,A2100018,의료법인은혜와감사의료재단화성중앙종합병원,2144,D,21,8,9,54209555,1,1,21,2026-06-21T03:05:10.006562,9,10
2026-06-21 03:04:43,mediboard,경기도,0,0,A2100006,의료법인인봉의료재단뉴고려병원,2110,C,21,12,14,54209605,6,6,21,2026-06-21T03:05:10.006562,18,20
2026-06-21 03:04:43,mediboard,경기도,0,0,A2100290,의료법인자인의료재단(더자인병원),2102,D,21,16,16,54209446,4,4,21,2026-06-21T03:05:10.006562,20,20
2026-06-21 03:04:43,mediboard,경기도,0,0,A2100124,의료법인칠석의료재단사랑의병원,2125,D,21,11,13,54209335,1,1,21,2026-06-21T03:05:10.006562,12,14
2026-06-21 03:04:43,mediboard,경기도,0,0,A2100175,의료법인토마스의료재단윌스기념병원,2122,D,21,17,18,54209612,3,3,21,2026-06-21T03:05:10.006562,20,21
2026-06-21 03:04:43,mediboard,경기도,0,0,A2100021,의료법인플러스의료재단단원병원,2124,D,21,15,17,54209441,3,3,21,2026-06-21T03:05:10.006562,18,20
2026-06-21 03:04:43,mediboard,경기도,4,4,A2100038,인제대학교일산백병원,2104,C,21,22,30,54209557,6,6,21,2026-06-21T03:05:10.006562,32,40
2026-06-21 03:04:43,mediboard,경기도,0,0,A2118788,중앙대학교광명병원,2106,C,21,20,21,54209290,3,3,21,2026-06-21T03:05:10.006562,23,24
2026-06-21 03:04:43,mediboard,경기도,6,13,A2100030,차의과학대학교분당차병원,2116,A,21,11,22,54209284,7,7,21,2026-06-21T03:05:10.006562,22,40
2026-06-21 03:04:43,mediboard,경기도,1,1,A2100155,참조은병원,2107,C,21,7,9,54209611,10,10,21,2026-06-21T03:05:10.006562,18,20
2026-06-21 03:04:43,mediboard,경기도,0,0,A2100150,추병원,2138,D,21,11,12,54209503,2,2,21,2026-06-21T03:05:10.006562,13,14
2026-06-21 03:04:43,mediboard,경기도,6,6,A2117994,학교법인을지학원의정부을지대학교병원,2138,C,21,27,30,54209393,11,11,21,2026-06-21T03:05:10.006562,44,47
2026-06-21 03:04:43,mediboard,경기도,9,9,A2100046,한림대학교동탄성심병원,2147,C,21,24,32,54209654,3,3,21,2026-06-21T03:05:10.006562,36,44
2026-06-21 03:04:43,mediboard,경기도,3,3,A2100004,한림대학교성심병원,2127,A,21,12,25,54209281,10,11,21,2026-06-21T03:05:10.006562,25,39
2026-06-21 03:04:43,mediboard,경기도,0,0,A2100039,한양대학교구리병원,2108,C,21,6,18,54209333,5,5,21,2026-06-21T03:05:10.006562,11,23
2026-06-21 03:04:43,mediboard,경기도,0,0,A2100037,현대병원,2111,C,21,14,17,54209287,3,3,21,2026-06-21T03:05:10.006562,17,20
2026-06-21 03:04:43,mediboard,경기도,0,0,A2100015,효산의료재단 안양샘병원,2128,C,21,13,17,54209383,3,3,21,2026-06-21T03:05:10.006562,16,20
2026-06-21 03:04:43,mediboard,경기도,0,0,A2100054,효산의료재단지샘병원,2109,C,21,16,18,54209656,4,4,21,2026-06-21T03:05:10.006562,20,22
2026-06-21 03:04:43,mediboard,강원특별자치도,3,3,A2200008,강릉아산병원,2201,A,22,20,23,54209505,5,5,22,2026-06-21T03:05:10.006562,28,31
2026-06-21 03:04:43,mediboard,강원특별자치도,3,3,A2200009,강원대학교병원,2213,C,22,16,21,54209659,5,5,22,2026-06-21T03:05:10.006562,24,29
2026-06-21 03:04:43,mediboard,강원특별자치도,0,0,A2200011,강원특별자치도강릉의료원,2201,D,22,4,5,54209450,1,1,22,2026-06-21T03:05:10.006562,5,6
2026-06-21 03:04:43,mediboard,강원특별자치도,1,1,A2200007,강원특별자치도삼척의료원,2204,C,22,16,16,54209291,3,5,22,2026-06-21T03:05:10.006562,20,22
2026-06-21 03:04:43,mediboard,강원특별자치도,0,0,A2200012,강원특별자치도속초의료원,2205,C,22,17,17,54209660,3,3,22,2026-06-21T03:05:10.006562,20,20
2026-06-21 03:04:43,mediboard,강원특별자치도,0,0,A2200002,강원특별자치도영월의료원,2208,D,22,9,9,54209337,1,1,22,2026-06-21T03:05:10.006562,10,10
2026-06-21 03:04:43,mediboard,강원특별자치도,0,0,A2200015,강원특별자치도원주의료원,2209,D,22,7,8,54209452,2,2,22,2026-06-21T03:05:10.006562,9,10
2026-06-21 03:04:43,mediboard,강원특별자치도,0,0,A2200048,근로복지공단정선병원,2211,D,22,5,5,54209395,1,1,22,2026-06-21T03:05:10.006562,6,6
2026-06-21 03:04:43,mediboard,강원특별자치도,0,0,A2200004,근로복지공단태백병원,2214,D,22,8,9,54209394,1,1,22,2026-06-21T03:05:10.006562,9,10
2026-06-21 03:04:43,mediboard,강원특별자치도,3,3,A2200001,연세대학교원주세브란스기독병원,2209,A,22,25,31,54209449,36,45,22,2026-06-21T03:05:10.006562,64,79
2026-06-21 03:04:43,mediboard,강원특별자치도,0,0,A2200005,의료법인강릉동인병원,2201,C,22,13,17,54209561,3,3,22,2026-06-21T03:05:10.006562,16,20
2026-06-21 03:04:43,mediboard,강원특별자치도,0,0,A2200003,의료법인동해동인병원,2203,D,22,8,10,54209560,1,1,22,2026-06-21T03:05:10.006562,9,11
2026-06-21 03:04:43,mediboard,강원특별자치도,0,0,A2200037,의료법인성심의료재단양구성심병원,2206,D,22,5,5,54209661,1,1,22,2026-06-21T03:05:10.006562,6,6
2026-06-21 03:04:43,mediboard,강원특별자치도,0,0,A2200024,의료법인성지의료재단성지병원,2209,D,22,2,7,54209507,1,1,22,2026-06-21T03:05:10.006562,3,8
2026-06-21 03:04:43,mediboard,강원특별자치도,0,0,A2200046,의료법인온세움의료재단온재병원,2205,D,22,8,9,54209662,1,1,22,2026-06-21T03:05:10.006562,9,10
2026-06-21 03:04:43,mediboard,강원특별자치도,0,0,A2201730,철원병원,2212,D,22,5,5,54209338,1,1,22,2026-06-21T03:05:10.006562,6,6
2026-06-21 03:04:43,mediboard,강원특별자치도,0,0,E2200026,평창군보건의료원,2215,D,22,6,6,54209416,1,1,22,2026-06-21T03:05:10.006562,7,7
2026-06-21 03:04:43,mediboard,강원특별자치도,2,3,A2200013,한림대학교춘천성심병원,2213,A,22,17,22,54209292,5,5,22,2026-06-21T03:05:10.006562,24,30
2026-06-21 03:04:43,mediboard,강원특별자치도,0,0,A2200014,홍천아산병원,2216,D,22,10,10,54209451,0,0,22,2026-06-21T03:05:10.006562,10,10
2026-06-21 03:04:43,mediboard,강원특별자치도,0,0,E2200025,화천군보건의료원,2217,D,22,7,7,54209531,1,1,22,2026-06-21T03:05:10.006562,8,8
2026-06-21 03:04:43,mediboard,강원특별자치도,0,0,A2200016,횡성대성병원,2218,D,22,9,9,54209506,1,1,22,2026-06-21T03:05:10.006562,10,10
2026-06-21 03:04:43,mediboard,충청북도,0,0,A2300010,건국대학교충주병원,2314,C,23,17,20,54209663,3,3,23,2026-06-21T03:05:10.006562,20,23
2026-06-21 03:04:43,mediboard,충청북도,0,0,E2300011,단양군보건의료원,2302,D,23,6,6,54209362,1,2,23,2026-06-21T03:05:10.006562,7,8
2026-06-21 03:04:43,mediboard,충청북도,0,0,A2300013,의료법인 건명의료재단 중앙제일병원,2309,C,23,13,17,54209562,3,5,23,2026-06-21T03:05:10.006562,16,22
2026-06-21 03:04:43,mediboard,충청북도,0,0,A2300034,의료법인대광의료재단괴산성모병원,2301,D,23,9,9,54209455,0,1,23,2026-06-21T03:05:10.006562,9,10
2026-06-21 03:04:43,mediboard,충청북도,3,3,A2300009,의료법인명지의료재단명지병원,2307,C,23,17,18,54209454,6,6,23,2026-06-21T03:05:10.006562,26,27
2026-06-21 03:04:43,mediboard,충청북도,0,0,A2300007,의료법인인화재단한국병원,2310,C,23,12,14,54209453,6,6,23,2026-06-21T03:05:10.006562,18,20
2026-06-21 03:04:43,mediboard,충청북도,0,0,A2300005,의료법인자산의료재단제천서울병원,2307,C,23,11,15,54209341,5,5,23,2026-06-21T03:05:10.006562,16,20
2026-06-21 03:04:43,mediboard,충청북도,0,0,A2300003,의료법인정산의료재단효성병원,2310,C,23,18,18,54209340,5,5,23,2026-06-21T03:05:10.006562,23,23
2026-06-21 03:04:43,mediboard,충청북도,0,0,A2300030,의료법인조윤의료재단영동병원,2304,D,23,10,10,54209563,0,0,23,2026-06-21T03:05:10.006562,10,10
2026-06-21 03:04:43,mediboard,충청북도,0,0,A2300002,의료법인한마음의료재단하나병원,2313,C,23,21,23,54209293,3,12,23,2026-06-21T03:05:10.006562,24,35
2026-06-21 03:04:43,mediboard,충청북도,0,0,A2300011,의료법인힐링의료재단옥천성모병원,2305,D,23,6,7,54209616,3,3,23,2026-06-21T03:05:10.006562,9,10
2026-06-21 03:04:43,mediboard,충청북도,0,0,A2300008,청주성모병원,2312,C,23,13,15,54209294,7,10,23,2026-06-21T03:05:10.006562,20,25
2026-06-21 03:04:43,mediboard,충청북도,7,8,A2300001,충북대학교병원,2311,A,23,29,32,54209339,5,5,23,2026-06-21T03:05:10.006562,41,45
2026-06-21 03:04:43,mediboard,충청북도,0,0,A2300006,충청북도청주의료원,2311,D,23,10,12,54209397,4,4,23,2026-06-21T03:05:10.006562,14,16
2026-06-21 03:04:43,mediboard,충청북도,0,0,A2300004,충청북도충주의료원,2314,D,23,18,18,54209396,3,3,23,2026-06-21T03:05:10.006562,21,21
2026-06-21 03:04:43,mediboard,충청남도,4,4,A2400002,단국대학교의과대학부속병원,2412,A,24,23,27,54209343,5,5,24,2026-06-21T03:05:10.006562,32,36
2026-06-21 03:04:43,mediboard,충청남도,0,0,A2400008,당진종합병원,2405,C,24,13,17,54209344,3,3,24,2026-06-21T03:05:10.006562,16,20
2026-06-21 03:04:43,mediboard,충청남도,0,4,A2400003,서산중앙병원,2408,C,24,16,17,54209295,3,3,24,2026-06-21T03:05:10.006562,19,24
2026-06-21 03:04:43,mediboard,충청남도,0,0,A2402257,아산충무병원,2410,C,24,12,13,54209664,8,8,24,2026-06-21T03:05:10.006562,20,21
2026-06-21 03:04:43,mediboard,충청남도,0,0,A2400044,의료법인 서해병원,2409,D,24,5,5,54209345,2,2,24,2026-06-21T03:05:10.006562,7,7
2026-06-21 03:04:43,mediboard,충청남도,0,0,A2400009,의료법인백제병원,2404,C,24,18,20,54209297,3,3,24,2026-06-21T03:05:10.006562,21,23
2026-06-21 03:04:43,mediboard,충청남도,0,0,A2400012,의료법인영서의료재단천안충무병원,2413,C,24,10,16,54209456,5,5,24,2026-06-21T03:05:10.006562,15,21
2026-06-21 03:04:43,mediboard,충청남도,0,0,A2400004,의료법인예당의료재단예산종합병원,2411,D,24,5,6,54209617,1,1,24,2026-06-21T03:05:10.006562,6,7
2026-06-21 03:04:43,mediboard,충청남도,0,0,A2400011,재단법인아산사회복지재단보령아산병원,2406,C,24,15,17,54209398,3,3,24,2026-06-21T03:05:10.006562,18,20
2026-06-21 03:04:43,mediboard,충청남도,0,0,E2400032,청양군보건의료원,2414,D,24,6,6,54209473,1,1,24,2026-06-21T03:05:10.006562,7,7
2026-06-21 03:04:43,mediboard,충청남도,0,0,A2400010,충청남도공주의료원,2402,D,24,15,15,54209298,1,1,24,2026-06-21T03:05:10.006562,16,16
2026-06-21 03:04:43,mediboard,충청남도,0,0,A2400006,충청남도서산의료원,2408,C,24,12,17,54209296,3,3,24,2026-06-21T03:05:10.006562,15,20
2026-06-21 03:04:43,mediboard,충청남도,0,0,A2400005,충청남도천안의료원,2412,D,24,10,12,54209564,1,2,24,2026-06-21T03:05:10.006562,11,14
2026-06-21 03:04:43,mediboard,충청남도,1,1,A2400007,충청남도홍성의료원,2416,C,24,16,18,54209618,3,3,24,2026-06-21T03:05:10.006562,20,22
2026-06-21 03:04:43,mediboard,충청남도,0,0,E2400033,태안군보건의료원,2415,D,24,10,10,54209309,1,1,24,2026-06-21T03:05:10.006562,11,11
2026-06-21 03:04:43,mediboard,충청남도,0,0,A2400038,학교법인건양교육재단건양대학교부여병원,2407,D,24,8,9,54209457,1,1,24,2026-06-21T03:05:10.006562,9,10
2026-06-21 03:04:43,mediboard,충청남도,17,18,A2400001,학교법인동은학원순천향대학교부속천안병원,2412,A,24,15,22,54209342,11,11,24,2026-06-21T03:05:10.006562,39,47
2026-06-21 03:04:43,mediboard,충청남도,0,0,A2400039,현대병원,2410,D,24,10,10,54209565,1,1,24,2026-06-21T03:05:10.006562,11,11
2026-06-21 03:04:43,mediboard,전북특별자치도,0,0,A2500038,김제우석병원,2503,D,25,10,10,54209299,1,1,25,2026-06-21T03:05:10.006562,11,11
2026-06-21 03:04:43,mediboard,전북특별자치도,0,0,A2500056,대자인병원,2512,C,25,25,33,54209459,3,3,25,2026-06-21T03:05:10.006562,28,36
2026-06-21 03:04:43,mediboard,전북특별자치도,0,0,E2500019,무주군보건의료원,2505,D,25,3,4,54209633,1,1,25,2026-06-21T03:05:10.006562,4,5
2026-06-21 03:04:43,mediboard,전북특별자치도,0,0,A2500010,부안성모병원,2506,D,25,10,10,54209567,2,2,25,2026-06-21T03:05:10.006562,12,12
2026-06-21 03:04:43,mediboard,전북특별자치도,3,3,A2502742,새강병원,2513,D,25,12,14,54209667,3,3,25,2026-06-21T03:05:10.006562,18,20
2026-06-21 03:04:43,mediboard,전북특별자치도,0,0,E2500021,순창군보건의료원,2507,D,25,8,9,54209363,1,1,25,2026-06-21T03:05:10.006562,9,10
2026-06-21 03:04:43,mediboard,전북특별자치도,3,3,A2500001,원광대학교병원,2509,A,25,6,28,54209665,5,5,25,2026-06-21T03:05:10.006562,14,36
2026-06-21 03:04:43,mediboard,전북특별자치도,0,0,A2500011,의료법인대산의료재단익산병원,2509,C,25,15,17,54209458,3,3,25,2026-06-21T03:05:10.006562,18,20
2026-06-21 03:04:43,mediboard,전북특별자치도,0,0,A2500009,의료법인석천재단고창병원,2501,D,25,10,10,54209619,1,1,25,2026-06-21T03:05:10.006562,11,11
2026-06-21 03:04:43,mediboard,전북특별자치도,0,0,A2500005,의료법인영경의료재단전주병원,2513,C,25,11,17,54209509,3,3,25,2026-06-21T03:05:10.006562,14,20
2026-06-21 03:04:43,mediboard,전북특별자치도,0,0,A2501890,의료법인영경의료재단호성전주병원,2512,D,25,7,9,54209399,1,1,25,2026-06-21T03:05:10.006562,8,10
2026-06-21 03:04:43,mediboard,전북특별자치도,0,0,A2500012,의료법인오성의료재단동군산병원,2502,C,25,16,17,54209666,6,6,25,2026-06-21T03:05:10.006562,22,23
2026-06-21 03:04:43,mediboard,전북특별자치도,0,0,E2500022,임실군보건의료원,2510,D,25,3,4,54209634,1,1,25,2026-06-21T03:05:10.006562,4,5
2026-06-21 03:04:43,mediboard,전북특별자치도,0,0,E2500020,장수군보건의료원,2511,D,25,5,5,54209474,1,1,25,2026-06-21T03:05:10.006562,6,6
2026-06-21 03:04:43,mediboard,전북특별자치도,0,0,A2500008,재단법인 아산사회복지재단 정읍아산병원,2514,C,25,14,17,54209347,3,3,25,2026-06-21T03:05:10.006562,17,20
2026-06-21 03:04:43,mediboard,전북특별자치도,5,12,A2500006,재단법인예수병원유지재단예수병원,2513,C,25,24,38,54209346,3,5,25,2026-06-21T03:05:10.006562,30,53
2026-06-21 03:04:43,mediboard,전북특별자치도,5,5,A2500002,전북대학교병원,2512,A,25,25,36,54209566,7,7,25,2026-06-21T03:05:10.006562,37,48
2026-06-21 03:04:43,mediboard,전북특별자치도,0,0,A2500007,전북특별자치도군산의료원,2502,C,25,12,17,54209510,3,3,25,2026-06-21T03:05:10.006562,15,20
2026-06-21 03:04:43,mediboard,전북특별자치도,0,0,A2500004,전북특별자치도남원의료원,2504,C,25,16,17,54209508,3,3,25,2026-06-21T03:05:10.006562,19,20
2026-06-21 03:04:43,mediboard,전북특별자치도,0,0,A2502031,진안군의료원,2515,D,25,6,6,54209568,2,2,25,2026-06-21T03:05:10.006562,8,8
2026-06-21 03:04:43,mediboard,전라남도,0,0,A2600029,곡성사랑병원,2603,D,26,5,5,54209570,1,1,26,2026-06-21T03:05:10.006562,6,6
2026-06-21 03:04:43,mediboard,전라남도,0,0,A2600006,광양사랑병원,2604,D,26,8,9,54209301,1,1,26,2026-06-21T03:05:10.006562,9,10
2026-06-21 03:04:43,mediboard,전라남도,0,0,A2600061,구례병원,2605,D,26,10,10,54209622,0,0,26,2026-06-21T03:05:10.006562,10,10
2026-06-21 03:04:43,mediboard,전라남도,0,0,A2600016,나주종합병원,2606,D,26,9,10,54209512,0,0,26,2026-06-21T03:05:10.006562,9,10
2026-06-21 03:04:43,mediboard,전라남도,0,0,A2600054,담양사랑병원,2607,D,26,6,6,54209516,2,2,26,2026-06-21T03:05:10.006562,8,8
2026-06-21 03:04:43,mediboard,전라남도,0,0,A2600003,대송의료재단무안병원,2609,D,26,4,4,54209620,1,1,26,2026-06-21T03:05:10.006562,5,5
2026-06-21 03:04:43,mediboard,전라남도,0,0,A2600020,목포기독병원,2608,D,26,16,17,54209349,3,3,26,2026-06-21T03:05:10.006562,19,20
2026-06-21 03:04:43,mediboard,전라남도,0,0,A2600022,목포시의료원,2608,D,26,8,9,54209671,1,1,26,2026-06-21T03:05:10.006562,9,10
2026-06-21 03:04:43,mediboard,전라남도,3,3,A2600011,목포한국병원,2608,A,26,11,18,54209460,5,5,26,2026-06-21T03:05:10.006562,19,26
2026-06-21 03:04:43,mediboard,전라남도,0,0,A2600052,보성아산병원,2610,D,26,7,8,54209675,1,1,26,2026-06-21T03:05:10.006562,8,9
2026-06-21 03:04:43,mediboard,전라남도,0,0,A2602211,빛가람종합병원,2606,D,26,6,9,54209403,1,1,26,2026-06-21T03:05:10.006562,7,10
2026-06-21 03:04:43,mediboard,전라남도,3,4,A2600019,성가롤로병원,2611,A,26,8,18,54209513,5,5,26,2026-06-21T03:05:10.006562,16,27
2026-06-21 03:04:43,mediboard,전라남도,0,0,A2600008,순천제일병원,2611,D,26,8,9,54209569,1,1,26,2026-06-21T03:05:10.006562,9,10
2026-06-21 03:04:43,mediboard,전라남도,0,0,A2600004,순천중앙병원,2611,D,26,5,5,54209511,1,1,26,2026-06-21T03:05:10.006562,6,6
2026-06-21 03:04:43,mediboard,전라남도,0,0,A2600010,여수전남병원,2613,D,26,10,10,54209669,1,1,26,2026-06-21T03:05:10.006562,11,11
2026-06-21 03:04:43,mediboard,전라남도,0,0,A2600014,여천전남병원,2613,C,26,15,17,54209348,3,3,26,2026-06-21T03:05:10.006562,18,20
2026-06-21 03:04:43,mediboard,전라남도,0,0,A2600015,영광종합병원,2614,D,26,8,10,54209621,3,3,26,2026-06-21T03:05:10.006562,11,13
2026-06-21 03:04:43,mediboard,전라남도,0,0,A2600070,영암한국병원,2615,D,26,7,8,54209623,0,1,26,2026-06-21T03:05:10.006562,7,9
2026-06-21 03:04:43,mediboard,전라남도,0,0,A2600032,완도대성병원,2616,D,26,3,5,54209462,1,1,26,2026-06-21T03:05:10.006562,4,6
2026-06-21 03:04:43,mediboard,전라남도,0,0,A2600034,의료법인 거명의료재단 영광기독병원,2614,D,26,8,10,54209515,1,1,26,2026-06-21T03:05:10.006562,9,11
2026-06-21 03:04:43,mediboard,전라남도,0,0,A2600017,의료법인목포구암의료재단목포중앙병원,2608,C,26,14,16,54209401,4,4,26,2026-06-21T03:05:10.006562,18,20
2026-06-21 03:04:43,mediboard,전라남도,0,0,A2600066,의료법인삼호의료재단벌교삼호병원,2610,D,26,6,6,54209351,1,1,26,2026-06-21T03:05:10.006562,7,7
2026-06-21 03:04:43,mediboard,전라남도,0,0,A2600051,의료법인신안대우병원,2612,D,26,4,4,54209674,1,1,26,2026-06-21T03:05:10.006562,5,5
2026-06-21 03:04:43,mediboard,전라남도,0,0,A2600018,의료법인영성의료재단고흥종합병원,2602,D,26,10,10,54209461,0,0,26,2026-06-21T03:05:10.006562,10,10
2026-06-21 03:04:43,mediboard,전라남도,0,0,A2600021,의료법인우범의료재단장흥종합병원,2618,D,26,8,9,54209670,1,1,26,2026-06-21T03:05:10.006562,9,10
2026-06-21 03:04:43,mediboard,전라남도,0,0,A2600068,의료법인장호의료재단녹동현대병원,2602,D,26,3,3,54209517,2,2,26,2026-06-21T03:05:10.006562,5,5
2026-06-21 03:04:43,mediboard,전라남도,0,0,A2600005,의료법인한국의료재단한국병원,2611,D,26,9,11,54209300,1,1,26,2026-06-21T03:05:10.006562,10,12
2026-06-21 03:04:43,mediboard,전라남도,0,0,A2600027,의료법인한마음의료재단여수제일병원,2613,D,26,8,9,54209514,1,1,26,2026-06-21T03:05:10.006562,9,10
2026-06-21 03:04:43,mediboard,전라남도,0,0,A2600007,의료법인해민의료재단 세안종합병원,2608,D,26,7,7,54209302,2,2,26,2026-06-21T03:05:10.006562,9,9
2026-06-21 03:04:43,mediboard,전라남도,0,0,A2600035,의료법인행복나눔의료재단장성병원,2617,D,26,4,4,54209402,1,1,26,2026-06-21T03:05:10.006562,5,5
2026-06-21 03:04:43,mediboard,전라남도,0,0,A2600009,의료법인행촌의료재단해남종합병원,2621,D,26,8,10,54209668,1,1,26,2026-06-21T03:05:10.006562,9,11
2026-06-21 03:04:43,mediboard,전라남도,0,0,A2600024,의료법인현경의료재단광양서울병원,2604,D,26,9,9,54209672,1,1,26,2026-06-21T03:05:10.006562,10,10
2026-06-21 03:04:43,mediboard,전라남도,0,0,A2600037,장흥우리병원,2618,D,26,4,4,54209350,1,1,26,2026-06-21T03:05:10.006562,5,5
2026-06-21 03:04:43,mediboard,전라남도,0,0,A2600050,전라남도강진의료원,2601,D,26,8,9,54209571,1,1,26,2026-06-21T03:05:10.006562,9,10
2026-06-21 03:04:43,mediboard,전라남도,0,0,A2600056,전라남도순천의료원,2611,D,26,6,6,54209676,2,2,26,2026-06-21T03:05:10.006562,8,8
2026-06-21 03:04:43,mediboard,전라남도,0,0,A2600040,진도한국병원,2619,D,26,4,4,54209673,1,1,26,2026-06-21T03:05:10.006562,5,5
2026-06-21 03:04:43,mediboard,전라남도,0,0,A2600077,해남우리종합병원,2621,D,26,14,15,54209352,4,4,26,2026-06-21T03:05:10.006562,18,19
2026-06-21 03:04:43,mediboard,전라남도,1,1,A2600001,화순전남대학교병원,2622,C,26,13,16,54209400,7,7,26,2026-06-21T03:05:10.006562,21,24
2026-06-21 03:04:43,mediboard,경상북도,0,0,A2700018,경상북도김천의료원,2706,D,27,10,17,54209523,1,1,27,2026-06-21T03:05:10.006562,11,18
2026-06-21 03:04:43,mediboard,경상북도,0,0,A2700001,경상북도안동의료원,2711,D,27,6,6,54209303,2,2,27,2026-06-21T03:05:10.006562,8,8
2026-06-21 03:04:43,mediboard,경상북도,0,0,A2700005,경상북도포항의료원,2724,D,27,8,8,54209518,2,2,27,2026-06-21T03:05:10.006562,10,10
2026-06-21 03:04:43,mediboard,경상북도,0,0,A2700097,계명대학교경주동산병원,2702,D,27,7,9,54209572,1,1,27,2026-06-21T03:05:10.006562,8,10
2026-06-21 03:04:43,mediboard,경상북도,0,0,A2700015,구미강동병원,2704,D,27,7,7,54209522,3,3,27,2026-06-21T03:05:10.006562,10,10
2026-06-21 03:04:43,mediboard,경상북도,2,3,A2700003,동국대학교의과대학경주병원,2702,C,27,15,16,54209624,7,7,27,2026-06-21T03:05:10.006562,24,26
2026-06-21 03:04:43,mediboard,경상북도,0,0,A2700011,상주적십자병원,2709,D,27,8,9,54209677,1,1,27,2026-06-21T03:05:10.006562,9,10
2026-06-21 03:04:43,mediboard,경상북도,1,4,A2700013,순천향대학교부속구미병원,2704,C,27,10,13,54209406,3,3,27,2026-06-21T03:05:10.006562,14,20
2026-06-21 03:04:43,mediboard,경상북도,0,0,A2700004,안동성소병원,2711,C,27,11,12,54209304,8,8,27,2026-06-21T03:05:10.006562,19,20
2026-06-21 03:04:43,mediboard,경상북도,0,0,A2700008,에스포항병원,2723,D,27,6,6,54209520,1,1,27,2026-06-21T03:05:10.006562,7,7
2026-06-21 03:04:43,mediboard,경상북도,0,0,A2700017,영남대학교의과대학부속영천병원,2715,D,27,9,10,54209464,3,3,27,2026-06-21T03:05:10.006562,12,13
2026-06-21 03:04:43,mediboard,경상북도,0,0,A2700031,영주기독병원,2714,D,27,4,4,54209354,1,1,27,2026-06-21T03:05:10.006562,5,5
2026-06-21 03:04:43,mediboard,경상북도,0,0,A2700020,영주자인병원,2714,D,27,4,4,54209465,1,1,27,2026-06-21T03:05:10.006562,5,5
2026-06-21 03:04:43,mediboard,경상북도,0,0,A2702752,영주적십자병원,2714,D,27,10,10,54209408,1,1,27,2026-06-21T03:05:10.006562,11,11
2026-06-21 03:04:43,mediboard,경상북도,0,0,E2700553,울릉군보건의료원,2717,D,27,4,5,54209310,0,0,27,2026-06-21T03:05:10.006562,4,5
2026-06-21 03:04:43,mediboard,경상북도,0,0,A2700052,울진군의료원,2718,D,27,8,8,54209356,2,2,27,2026-06-21T03:05:10.006562,10,10
2026-06-21 03:04:43,mediboard,경상북도,0,0,A2700019,의)근원의료재단경산중앙병원,2701,D,27,9,10,54209353,2,2,27,2026-06-21T03:05:10.006562,11,12
2026-06-21 03:04:43,mediboard,경상북도,0,0,A2700038,의료법인대남의료재단청도대남병원,2720,D,27,10,10,54209678,0,0,27,2026-06-21T03:05:10.006562,10,10
2026-06-21 03:04:43,mediboard,경상북도,0,0,A2700012,의료법인덕산의료재단김천제일병원,2706,C,27,15,16,54209521,4,4,27,2026-06-21T03:05:10.006562,19,20
2026-06-21 03:04:43,mediboard,경상북도,0,0,A2700006,의료법인동춘의료재단문경제일병원,2707,C,27,16,17,54209519,1,3,27,2026-06-21T03:05:10.006562,17,20
2026-06-21 03:04:43,mediboard,경상북도,0,0,A2700009,의료법인삼백의료재단상주성모병원,2709,D,27,9,9,54209625,1,1,27,2026-06-21T03:05:10.006562,10,10
2026-06-21 03:04:43,mediboard,경상북도,0,0,A2700036,의료법인서명의료재단세명종합병원,2701,D,27,11,13,54209355,2,2,27,2026-06-21T03:05:10.006562,13,15
2026-06-21 03:04:43,mediboard,경상북도,0,0,A2700023,의료법인서준의료재단예천권병원,2716,D,27,6,6,54209407,1,1,27,2026-06-21T03:05:10.006562,7,7
2026-06-21 03:04:43,mediboard,경상북도,2,3,A2700014,의료법인안동병원,2711,A,27,15,17,54209305,5,5,27,2026-06-21T03:05:10.006562,22,25
2026-06-21 03:04:43,mediboard,경상북도,0,0,A2700070,의료법인영암의료재단고령영생병원,2703,D,27,5,5,54209467,1,1,27,2026-06-21T03:05:10.006562,6,6
2026-06-21 03:04:43,mediboard,경상북도,0,0,A2700063,의료법인영제의료재단영남제일병원,2719,D,27,4,5,54209466,1,1,27,2026-06-21T03:05:10.006562,5,6
2026-06-21 03:04:43,mediboard,경상북도,0,0,A2702563,의료법인은성의료재단좋은선린병원,2724,D,27,8,10,54209468,2,2,27,2026-06-21T03:05:10.006562,10,12
2026-06-21 03:04:43,mediboard,경상북도,5,5,A2700007,차의과학대학교부속구미차병원,2704,A,27,17,20,54209405,6,12,27,2026-06-21T03:05:10.006562,28,37
2026-06-21 03:04:43,mediboard,경상북도,0,0,E2700554,청송군보건의료원,2721,D,27,5,5,54209532,1,1,27,2026-06-21T03:05:10.006562,6,6
2026-06-21 03:04:43,mediboard,경상북도,11,11,A2700016,포항성모병원,2723,A,27,14,20,54209463,5,15,27,2026-06-21T03:05:10.006562,30,46
2026-06-21 03:04:43,mediboard,경상북도,0,0,A2700002,포항세명기독병원,2723,C,27,12,15,54209404,10,10,27,2026-06-21T03:05:10.006562,22,25
2026-06-21 03:04:43,mediboard,경상남도,0,0,A2800032,강병원,2803,D,28,9,9,54209575,1,1,28,2026-06-21T03:05:10.006562,10,10
2026-06-21 03:04:43,mediboard,경상남도,0,0,A2803677,강일병원,2804,D,28,6,8,54209413,3,3,28,2026-06-21T03:05:10.006562,9,11
2026-06-21 03:04:43,mediboard,경상남도,0,0,A2800076,거창적십자병원,2802,D,28,9,9,54209578,1,1,28,2026-06-21T03:05:10.006562,10,10
2026-06-21 03:04:43,mediboard,경상남도,3,3,A2800001,경상국립대학교병원,2811,A,28,18,30,54209626,5,5,28,2026-06-21T03:05:10.006562,26,38
2026-06-21 03:04:43,mediboard,경상남도,0,0,A2800025,경상남도마산의료원,2813,D,28,12,13,54209411,2,2,28,2026-06-21T03:05:10.006562,14,15
2026-06-21 03:04:43,mediboard,경상남도,0,0,A2800113,밀양병원,2806,D,28,7,8,54209631,1,1,28,2026-06-21T03:05:10.006562,8,9
2026-06-21 03:04:43,mediboard,경상남도,0,0,A2800084,반도병원,2811,D,28,7,7,54209529,1,1,28,2026-06-21T03:05:10.006562,8,8
2026-06-21 03:04:43,mediboard,경상남도,0,0,A2800019,베데스다복음병원,2809,D,28,9,9,54209628,1,1,28,2026-06-21T03:05:10.006562,10,10
2026-06-21 03:04:43,mediboard,경상남도,0,0,E2800380,산청군보건의료원,2808,D,28,5,5,54209417,1,1,28,2026-06-21T03:05:10.006562,6,6
2026-06-21 03:04:43,mediboard,경상남도,0,0,A2800055,삼성합천병원,2822,D,28,3,4,54209576,1,1,28,2026-06-21T03:05:10.006562,4,5
2026-06-21 03:04:43,mediboard,경상남도,0,0,A2800101,삼천포제일병원,2807,D,28,8,8,54209412,2,2,28,2026-06-21T03:05:10.006562,10,10
2026-06-21 03:04:43,mediboard,경상남도,0,0,A2800092,새통영병원,2818,D,28,8,9,54209359,1,1,28,2026-06-21T03:05:10.006562,9,10
2026-06-21 03:04:43,mediboard,경상남도,3,10,A2800011,양산부산대학교병원,2809,A,28,13,23,54209469,7,8,28,2026-06-21T03:05:10.006562,21,39
2026-06-21 03:04:43,mediboard,경상남도,0,0,A2804593,양산성모병원,2809,D,28,12,13,54209414,1,1,28,2026-06-21T03:05:10.006562,13,14
2026-06-21 03:04:43,mediboard,경상남도,0,0,A2800021,연세에스병원,2817,D,28,8,9,54209358,1,1,28,2026-06-21T03:05:10.006562,9,10
2026-06-21 03:04:43,mediboard,경상남도,0,0,A2800090,의령병원,2810,D,28,4,4,54209471,1,1,28,2026-06-21T03:05:10.006562,5,5
2026-06-21 03:04:43,mediboard,경상남도,0,0,A2800008,의료법인 거붕 백병원,2801,D,28,7,9,54209525,1,1,28,2026-06-21T03:05:10.006562,8,10
2026-06-21 03:04:43,mediboard,경상남도,0,0,A2800005,의료법인 대우의료재단대우병원,2801,D,28,8,9,54209306,1,1,28,2026-06-21T03:05:10.006562,9,10
2026-06-21 03:04:43,mediboard,경상남도,0,0,A2800015,의료법인 문병욱의료재단 진주고려병원,2811,D,28,9,10,54209627,1,1,28,2026-06-21T03:05:10.006562,10,11
2026-06-21 03:04:43,mediboard,경상남도,0,0,A2800022,의료법인 성념의료재단맑은샘병원,2801,D,28,9,9,54209679,1,1,28,2026-06-21T03:05:10.006562,10,10
2026-06-21 03:04:43,mediboard,경상남도,0,0,A2800094,의료법인 이도의료재단 남해병원,2805,D,28,7,8,54209472,2,2,28,2026-06-21T03:05:10.006562,9,10
2026-06-21 03:04:43,mediboard,경상남도,0,0,A2800014,의료법인갑을의료재단 갑을장유병원,2804,D,28,6,9,54209527,1,1,28,2026-06-21T03:05:10.006562,7,10
2026-06-21 03:04:43,mediboard,경상남도,0,0,A2800006,의료법인숭인의료재단 김해복음병원,2804,C,28,15,16,54209573,4,4,28,2026-06-21T03:05:10.006562,19,20
2026-06-21 03:04:43,mediboard,경상남도,0,0,A2800068,의료법인승연의료재단 삼천포서울병원,2807,D,28,9,9,54209577,1,1,28,2026-06-21T03:05:10.006562,10,10
2026-06-21 03:04:43,mediboard,경상남도,0,0,A2800009,의료법인청아의료재단청아병원,2814,D,28,9,9,54209526,1,1,28,2026-06-21T03:05:10.006562,10,10
2026-06-21 03:04:43,mediboard,경상남도,0,0,A2800017,의료법인합포의료재단에스엠지연세병원,2813,C,28,13,17,54209470,3,3,28,2026-06-21T03:05:10.006562,16,20
2026-06-21 03:04:43,mediboard,경상남도,0,0,A2800010,의료법인환명의료재단 조은금강병원,2804,C,28,14,17,54209410,3,3,28,2026-06-21T03:05:10.006562,17,20
2026-06-21 03:04:43,mediboard,경상남도,0,0,A2800003,제일병원,2811,C,28,14,17,54209409,3,3,28,2026-06-21T03:05:10.006562,17,20
2026-06-21 03:04:43,mediboard,경상남도,0,0,A2800037,진주복음병원,2811,D,28,8,9,54209307,1,1,28,2026-06-21T03:05:10.006562,9,10
2026-06-21 03:04:43,mediboard,경상남도,0,0,A2803505,창원경상국립대학교병원,2815,C,28,15,18,54209360,3,10,28,2026-06-21T03:05:10.006562,18,28
2026-06-21 03:04:43,mediboard,경상남도,0,0,A2800004,창원파티마병원,2816,C,28,12,17,54209524,3,3,28,2026-06-21T03:05:10.006562,15,20
2026-06-21 03:04:43,mediboard,경상남도,0,0,A2800007,창원한마음병원,2816,C,28,13,21,54209574,4,4,28,2026-06-21T03:05:10.006562,17,25
2026-06-21 03:04:43,mediboard,경상남도,0,0,A2800062,태황의료재단한성병원,2812,D,28,9,9,54209630,1,1,28,2026-06-21T03:05:10.006562,10,10
2026-06-21 03:04:43,mediboard,경상남도,3,3,A2800020,학교법인성균관대학삼성창원병원,2814,A,28,11,18,54209357,5,5,28,2026-06-21T03:05:10.006562,19,26
2026-06-21 03:04:43,mediboard,경상남도,0,0,A2800043,한일병원,2811,C,28,16,17,54209629,3,3,28,2026-06-21T03:05:10.006562,19,20
2026-06-21 03:04:43,mediboard,경상남도,0,0,A2800080,함양성심병원,2821,D,28,4,4,54209528,1,1,28,2026-06-21T03:05:10.006562,5,5
2026-06-21 03:04:43,mediboard,제주특별자치도,0,0,A2900003,의료법인 혜인의료재단 한국병원,2902,D,29,6,9,54209579,1,1,29,2026-06-21T03:05:10.006562,7,10
2026-06-21 03:04:43,mediboard,제주특별자치도,1,1,A2900006,의료법인중앙의료재단중앙병원,2902,C,29,11,16,54209415,3,3,29,2026-06-21T03:05:10.006562,15,20
2026-06-21 03:04:43,mediboard,제주특별자치도,0,0,A2900007,제주대학교병원,2902,C,29,10,20,54209530,3,6,29,2026-06-21T03:05:10.006562,13,26
2026-06-21 03:04:43,mediboard,제주특별자치도,4,4,A2900002,제주특별자치도서귀포의료원,2901,C,29,14,16,54209361,5,5,29,2026-06-21T03:05:10.006562,23,25
2026-06-21 03:04:43,mediboard,제주특별자치도,3,3,A2900001,제주한라병원,2902,A,29,8,17,54209680,5,5,29,2026-06-21T03:05:10.006562,16,25
2026-06-21 03:04:43,mediboard,제주특별자치도,0,0,A2900005,한마음병원,2902,C,29,9,17,54209632,3,3,29,2026-06-21T03:05:10.006562,12,20
2026-06-21 05:10:09,mediboard,서울특별시,0,0,A1100011,가톨릭대학교여의도성모병원,1120,C,11,13,15,54219870,5,5,11,2026-06-21T05:10:10.004609,18,20
2026-06-21 05:10:09,mediboard,서울특별시,8,8,A1121013,가톨릭대학교은평성모병원,1122,C,11,15,24,54220091,3,4,11,2026-06-21T05:10:10.004609,26,36
2026-06-21 05:10:09,mediboard,서울특별시,3,3,A1100043,강동경희대학교병원,1102,A,11,11,15,54219764,5,5,11,2026-06-21T05:10:10.004609,19,23
2026-06-21 05:10:09,mediboard,서울특별시,2,2,A1100006,강북삼성병원,1123,C,11,6,15,54220085,3,3,11,2026-06-21T05:10:10.004609,11,20
2026-06-21 05:10:09,mediboard,서울특별시,4,4,A1100002,건국대학교병원,1106,C,11,8,20,54219983,3,3,11,2026-06-21T05:10:10.004609,15,27
2026-06-21 05:10:09,mediboard,서울특별시,0,0,A1100039,경찰병원,1118,D,11,3,3,54219988,2,2,11,2026-06-21T05:10:10.004609,5,5
2026-06-21 05:10:09,mediboard,서울특별시,3,3,A1100001,경희대학교병원,1111,C,11,12,15,54219925,5,5,11,2026-06-21T05:10:10.004609,20,23
2026-06-21 05:10:09,mediboard,서울특별시,3,3,A1100014,고려대학교의과대학부속구로병원,1107,A,11,21,29,54219871,4,5,11,2026-06-21T05:10:10.004609,28,37
2026-06-21 05:10:09,mediboard,서울특별시,0,0,A1100026,구로성심병원,1107,D,11,7,9,54220088,1,1,11,2026-06-21T05:10:10.004609,8,10
2026-06-21 05:10:09,mediboard,서울특별시,3,3,A1100052,국립중앙의료원,1124,C,11,15,17,54220035,10,10,11,2026-06-21T05:10:10.004609,28,30
2026-06-21 05:10:09,mediboard,서울특별시,0,0,A1122033,기쁨병원,1115,D,11,4,4,54219718,1,1,11,2026-06-21T05:10:10.004609,5,5
2026-06-21 05:10:09,mediboard,서울특별시,0,0,A1100048,노원을지대학교병원,1109,C,11,15,17,54219716,5,5,11,2026-06-21T05:10:10.004609,20,22
2026-06-21 05:10:09,mediboard,서울특별시,0,0,A1100044,녹색병원,1125,D,11,2,5,54220034,5,5,11,2026-06-21T05:10:10.004609,7,10
2026-06-21 05:10:09,mediboard,서울특별시,0,0,A1100037,대림성모병원,1120,D,11,7,8,54219874,2,2,11,2026-06-21T05:10:10.004609,9,10
2026-06-21 05:10:09,mediboard,서울특별시,0,0,A1100024,명지성모병원,1120,D,11,8,8,54219714,2,2,11,2026-06-21T05:10:10.004609,10,10
2026-06-21 05:10:09,mediboard,서울특별시,0,0,A1100036,부민병원,1104,D,11,8,10,54220089,1,1,11,2026-06-21T05:10:10.004609,9,11
2026-06-21 05:10:09,mediboard,서울특별시,2,4,A1100010,삼성서울병원,1101,C,11,1,52,54219984,4,4,11,2026-06-21T05:10:10.004609,7,60
2026-06-21 05:10:09,mediboard,서울특별시,0,0,A1100021,삼육서울병원,1111,C,11,12,13,54219985,6,7,11,2026-06-21T05:10:10.004609,18,20
2026-06-21 05:10:09,mediboard,서울특별시,11,12,A1100017,서울대학교병원,1123,A,11,-4,24,54219713,8,8,11,2026-06-21T05:10:10.004609,13,42
2026-06-21 05:10:09,mediboard,서울특별시,0,0,A1100050,서울성심병원,1111,D,11,14,17,54219989,3,3,11,2026-06-21T05:10:10.004609,17,20
2026-06-21 05:10:09,mediboard,서울특별시,0,0,A1100029,서울적십자병원,1123,D,11,10,10,54219815,1,1,11,2026-06-21T05:10:10.004609,11,11
2026-06-21 05:10:09,mediboard,서울특별시,0,0,A1100022,서울특별시동부병원,1111,D,11,7,8,54219761,2,2,11,2026-06-21T05:10:10.004609,9,10
2026-06-21 05:10:09,mediboard,서울특별시,3,3,A1100040,서울특별시보라매병원,1112,C,11,18,31,54219816,3,3,11,2026-06-21T05:10:10.004609,24,37
2026-06-21 05:10:09,mediboard,서울특별시,0,0,A1100223,서울특별시서남병원,1119,D,11,6,6,54219765,2,2,11,2026-06-21T05:10:10.004609,8,8
2026-06-21 05:10:09,mediboard,서울특별시,3,3,A1100035,서울특별시서울의료원,1125,A,11,9,19,54219987,5,5,11,2026-06-21T05:10:10.004609,17,27
2026-06-21 05:10:09,mediboard,서울특별시,0,0,A1100028,성심의료재단강동성심병원,1102,C,11,13,15,54219986,9,9,11,2026-06-21T05:10:10.004609,22,24
2026-06-21 05:10:09,mediboard,서울특별시,0,0,A1100054,성애의료재단성애병원,1120,C,11,13,15,54220036,5,11,11,2026-06-21T05:10:10.004609,18,26
2026-06-21 05:10:09,mediboard,서울특별시,0,0,A1100032,세란병원,1123,D,11,10,10,54219873,1,1,11,2026-06-21T05:10:10.004609,11,11
2026-06-21 05:10:09,mediboard,서울특별시,4,4,A1100004,순천향대학교부속서울병원,1121,C,11,16,20,54219869,3,3,11,2026-06-21T05:10:10.004609,23,27
2026-06-21 05:10:09,mediboard,서울특별시,0,0,A1100045,씨엠병원,1120,D,11,10,10,54219929,0,0,11,2026-06-21T05:10:10.004609,10,10
2026-06-21 05:10:09,mediboard,서울특별시,2,2,A1100015,연세대학교의과대학강남세브란스병원,1101,C,11,13,21,54220087,2,3,11,2026-06-21T05:10:10.004609,17,26
2026-06-21 05:10:09,mediboard,서울특별시,7,10,A1100007,연세대학교의과대학세브란스병원,1114,C,11,20,39,54220031,6,6,11,2026-06-21T05:10:10.004609,31,53
2026-06-21 05:10:09,mediboard,서울특별시,0,0,A1100025,의료법인동신의료재단동신병원,1114,D,11,9,9,54220033,1,1,11,2026-06-21T05:10:10.004609,10,10
2026-06-21 05:10:09,mediboard,서울특별시,0,0,A1100041,의료법인서울효천의료재단에이치플러스양지병원,1105,C,11,17,18,54219763,3,3,11,2026-06-21T05:10:10.004609,20,21
2026-06-21 05:10:09,mediboard,서울특별시,0,0,A1100023,의료법인청구성심병원,1122,D,11,9,10,54219762,1,1,11,2026-06-21T05:10:10.004609,10,11
2026-06-21 05:10:09,mediboard,서울특별시,0,0,A1100075,의료법인풍산의료재단동부제일병원,1125,D,11,6,7,54219717,1,1,11,2026-06-21T05:10:10.004609,7,8
2026-06-21 05:10:09,mediboard,서울특별시,2,2,A1100020,의료법인한전의료재단한일병원,1110,C,11,14,21,54219928,4,4,11,2026-06-21T05:10:10.004609,20,27
2026-06-21 05:10:09,mediboard,서울특별시,8,8,A1100005,이화여자대학교의과대학부속목동병원,1119,A,11,16,19,54220030,6,6,11,2026-06-21T05:10:10.004609,30,33
2026-06-21 05:10:09,mediboard,서울특별시,0,9,A1120796,이화여자대학교의과대학부속서울병원,1104,C,11,4,14,54219990,6,6,11,2026-06-21T05:10:10.004609,10,29
2026-06-21 05:10:09,mediboard,서울특별시,0,0,A1100016,인제대학교상계백병원,1109,C,11,13,16,54220032,6,7,11,2026-06-21T05:10:10.004609,19,23
2026-06-21 05:10:09,mediboard,서울특별시,10,14,A1100009,재단법인아산사회복지재단서울아산병원,1118,C,11,15,36,54219927,20,26,11,2026-06-21T05:10:10.004609,42,73
2026-06-21 05:10:09,mediboard,서울특별시,4,4,A1100003,중앙대학교병원,1112,C,11,12,18,54219868,0,0,11,2026-06-21T05:10:10.004609,16,22
2026-06-21 05:10:09,mediboard,서울특별시,7,9,A1100012,학교법인가톨릭학원가톨릭대학교서울성모병원,1115,C,11,10,28,54219814,6,8,11,2026-06-21T05:10:10.004609,22,43
2026-06-21 05:10:09,mediboard,서울특별시,4,4,A1100008,학교법인고려중앙학원고려대학교의과대학부속병원(안암병원),1117,A,11,24,30,54219926,7,9,11,2026-06-21T05:10:10.004609,35,43
2026-06-21 05:10:09,mediboard,서울특별시,0,0,A1100053,한국보훈복지의료공단중앙보훈병원,1102,C,11,19,22,54219875,3,3,11,2026-06-21T05:10:10.004609,22,25
2026-06-21 05:10:09,mediboard,서울특별시,0,0,A1100027,한국원자력의학원원자력병원,1109,D,11,9,9,54219715,3,3,11,2026-06-21T05:10:10.004609,12,12
2026-06-21 05:10:09,mediboard,서울특별시,3,3,A1100055,한림대학교강남성심병원,1120,C,11,16,20,54219931,5,5,11,2026-06-21T05:10:10.004609,24,28
2026-06-21 05:10:09,mediboard,서울특별시,3,3,A1100013,한양대학교병원,1116,A,11,13,20,54220086,11,12,11,2026-06-21T05:10:10.004609,27,35
2026-06-21 05:10:09,mediboard,서울특별시,0,0,A1100051,혜민병원,1106,D,11,9,9,54219930,1,1,11,2026-06-21T05:10:10.004609,10,10
2026-06-21 05:10:09,mediboard,서울특별시,0,0,A1100019,홍익병원,1119,D,11,6,9,54219872,1,1,11,2026-06-21T05:10:10.004609,7,10
2026-06-21 05:10:09,mediboard,서울특별시,0,0,A1100049,희명병원,1108,D,11,10,10,54220090,1,1,11,2026-06-21T05:10:10.004609,11,11
2026-06-21 05:10:09,mediboard,부산광역시,0,0,A1200028,(의)서일의료재단기장병원,1203,D,12,9,9,54219992,1,1,12,2026-06-21T05:10:10.004609,10,10
2026-06-21 05:10:09,mediboard,부산광역시,0,0,A1200004,고신대학교복음병원,1211,C,12,18,25,54219766,5,5,12,2026-06-21T05:10:10.004609,23,30
2026-06-21 05:10:09,mediboard,부산광역시,0,0,A1200045,구포성심병원,1208,D,12,7,9,54219821,1,1,12,2026-06-21T05:10:10.004609,8,10
2026-06-21 05:10:09,mediboard,부산광역시,3,3,A1200018,대동병원,1206,C,12,10,15,54219878,3,3,12,2026-06-21T05:10:10.004609,16,21
2026-06-21 05:10:09,mediboard,부산광역시,0,0,A1200015,동남권원자력의학원원자력병원,1203,D,12,9,9,54219935,1,1,12,2026-06-21T05:10:10.004609,10,10
2026-06-21 05:10:09,mediboard,부산광역시,0,0,A1200011,동래봉생병원,1206,D,12,6,8,54220039,2,2,12,2026-06-21T05:10:10.004609,8,10
2026-06-21 05:10:09,mediboard,부산광역시,3,3,A1200003,동아대학교병원,1211,A,12,15,19,54220092,5,5,12,2026-06-21T05:10:10.004609,23,27
2026-06-21 05:10:09,mediboard,부산광역시,0,0,A1200024,부산광역시의료원,1213,D,12,18,18,54220041,2,8,12,2026-06-21T05:10:10.004609,20,26
2026-06-21 05:10:09,mediboard,부산광역시,3,3,A1200002,부산대학교병원,1211,C,12,12,19,54219719,2,3,12,2026-06-21T05:10:10.004609,17,25
2026-06-21 05:10:09,mediboard,부산광역시,4,4,A1200013,부산성모병원(재단법인 천주교부산교구유지재단),1204,D,12,10,10,54219934,5,5,12,2026-06-21T05:10:10.004609,19,19
2026-06-21 05:10:09,mediboard,부산광역시,0,0,A1200007,비에이치에스한서병원,1212,C,12,12,17,54219933,3,3,12,2026-06-21T05:10:10.004609,15,20
2026-06-21 05:10:09,mediboard,부산광역시,0,0,A1200021,삼육부산병원,1211,D,12,6,9,54219819,1,1,12,2026-06-21T05:10:10.004609,7,10
2026-06-21 05:10:09,mediboard,부산광역시,0,0,A1200014,영도병원,1214,D,12,7,7,54219818,2,2,12,2026-06-21T05:10:10.004609,9,9
2026-06-21 05:10:09,mediboard,부산광역시,0,0,A1200009,의료법인 광혜의료재단 광혜병원,1206,D,12,9,9,54220038,3,3,12,2026-06-21T05:10:10.004609,12,12
2026-06-21 05:10:09,mediboard,부산광역시,0,0,A1200098,의료법인 센텀의료재단 센텀종합병원,1212,D,12,7,9,54219936,1,1,12,2026-06-21T05:10:10.004609,8,10
2026-06-21 05:10:09,mediboard,부산광역시,0,0,A1200020,의료법인 온그룹의료재단 온병원,1207,C,12,18,20,54219720,3,3,12,2026-06-21T05:10:10.004609,21,23
2026-06-21 05:10:09,mediboard,부산광역시,0,0,A1200008,의료법인 은성의료재단 좋은강안병원,1212,D,12,11,15,54219876,2,2,12,2026-06-21T05:10:10.004609,13,17
2026-06-21 05:10:09,mediboard,부산광역시,1,1,A1200005,의료법인 은성의료재단 좋은삼선병원,1209,C,12,8,13,54219817,6,6,12,2026-06-21T05:10:10.004609,15,20
2026-06-21 05:10:09,mediboard,부산광역시,0,0,A1200006,의료법인 인당의료재단 부민병원,1208,D,12,8,10,54220037,2,2,12,2026-06-21T05:10:10.004609,10,12
2026-06-21 05:10:09,mediboard,부산광역시,0,0,A1205143,의료법인 인당의료재단 해운대부민병원,1216,D,12,8,9,54219993,1,1,12,2026-06-21T05:10:10.004609,9,10
2026-06-21 05:10:09,mediboard,부산광역시,0,0,A1200012,의료법인 행도의료재단 해동병원,1214,D,12,6,6,54219767,1,1,12,2026-06-21T05:10:10.004609,7,7
2026-06-21 05:10:09,mediboard,부산광역시,0,0,A1200017,의료법인정화의료재단 봉생기념병원,1205,D,12,6,9,54219877,0,2,12,2026-06-21T05:10:10.004609,6,11
2026-06-21 05:10:09,mediboard,부산광역시,-1,3,A1200022,인제대학교 해운대백병원,1216,A,12,24,29,54219991,5,5,12,2026-06-21T05:10:10.004609,28,37
2026-06-21 05:10:09,mediboard,부산광역시,0,0,A1200001,인제대학교부산백병원,1207,C,12,25,32,54219932,3,3,12,2026-06-21T05:10:10.004609,28,35
2026-06-21 05:10:09,mediboard,부산광역시,0,0,A1200023,재단법인천주교부산교구유지재단 메리놀병원,1215,D,12,9,9,54219820,1,1,12,2026-06-21T05:10:10.004609,10,10
2026-06-21 05:10:09,mediboard,부산광역시,2,2,A1200026,좋은문화병원,1205,D,12,3,7,54219722,3,3,12,2026-06-21T05:10:10.004609,8,12
2026-06-21 05:10:09,mediboard,부산광역시,0,0,A1200025,학교법인 춘해병원,1207,D,12,7,9,54219721,1,1,12,2026-06-21T05:10:10.004609,8,10
2026-06-21 05:10:09,mediboard,부산광역시,0,0,A1200019,학교법인)동의병원,1207,D,12,13,14,54219768,1,1,12,2026-06-21T05:10:10.004609,14,15
2026-06-21 05:10:09,mediboard,부산광역시,0,0,A1200016,한국보훈복지의료공단 부산보훈병원,1209,D,12,10,11,54220040,2,2,12,2026-06-21T05:10:10.004609,12,13
2026-06-21 05:10:09,mediboard,인천광역시,0,0,A1300081,(재)미리내천주성삼성직수도회천주성삼병원,1307,D,13,9,9,54219938,1,2,13,2026-06-21T05:10:10.004609,10,11
2026-06-21 05:10:09,mediboard,인천광역시,0,0,A1300018,강남종합병원,1304,D,13,13,15,54220046,1,1,13,2026-06-21T05:10:10.004609,14,16
2026-06-21 05:10:09,mediboard,인천광역시,4,4,A1300002,경북대학교병원,1308,A,13,18,27,54220042,5,5,13,2026-06-21T05:10:10.004609,27,36
2026-06-21 05:10:09,mediboard,인천광역시,0,0,A1303386,계명대학교대구동산병원,1308,D,13,11,12,54219770,2,2,13,2026-06-21T05:10:10.004609,13,14
2026-06-21 05:10:09,mediboard,인천광역시,0,0,A1300003,계명대학교동산병원,1302,C,13,12,23,54219723,1,3,13,2026-06-21T05:10:10.004609,13,26
2026-06-21 05:10:09,mediboard,인천광역시,0,0,A1300008,곽병원,1308,D,13,9,10,54220045,2,2,13,2026-06-21T05:10:10.004609,11,12
2026-06-21 05:10:09,mediboard,인천광역시,0,0,A1300038,나사렛종합병원,1302,D,13,9,9,54220093,2,10,13,2026-06-21T05:10:10.004609,11,19
2026-06-21 05:10:09,mediboard,인천광역시,0,0,A1300004,대구가톨릭대학교병원,1301,C,13,16,24,54219823,4,4,13,2026-06-21T05:10:10.004609,20,28
2026-06-21 05:10:09,mediboard,인천광역시,0,0,A1300005,대구가톨릭대학교칠곡가톨릭병원,1305,D,13,7,9,54220043,1,1,13,2026-06-21T05:10:10.004609,8,10
2026-06-21 05:10:09,mediboard,인천광역시,0,0,A1300076,대구굿모닝병원,1306,D,13,17,17,54220047,2,2,13,2026-06-21T05:10:10.004609,19,19
2026-06-21 05:10:09,mediboard,인천광역시,0,0,A1300007,대구의료원,1306,D,13,16,18,54220044,2,2,13,2026-06-21T05:10:10.004609,18,20
2026-06-21 05:10:09,mediboard,인천광역시,-1,5,A1300009,대구파티마병원,1304,C,13,2,25,54219824,6,7,13,2026-06-21T05:10:10.004609,7,37
2026-06-21 05:10:09,mediboard,인천광역시,0,0,A1300110,더블유병원,1302,D,13,10,10,54219879,1,1,13,2026-06-21T05:10:10.004609,11,11
2026-06-21 05:10:09,mediboard,인천광역시,0,0,A1300034,드림종합병원,1301,D,13,8,8,54219937,2,2,13,2026-06-21T05:10:10.004609,10,10
2026-06-21 05:10:09,mediboard,인천광역시,0,0,A1300045,삼일병원,1302,D,13,10,14,54219826,1,1,13,2026-06-21T05:10:10.004609,11,15
2026-06-21 05:10:09,mediboard,인천광역시,3,3,A1300001,영남대학교병원,1301,A,13,24,28,54219822,5,5,13,2026-06-21T05:10:10.004609,32,36
2026-06-21 05:10:09,mediboard,인천광역시,0,0,A1300006,의료법인구의료재단구병원,1302,D,13,9,10,54219769,1,1,13,2026-06-21T05:10:10.004609,10,11
2026-06-21 05:10:09,mediboard,인천광역시,9,9,A1300010,칠곡경북대학교병원,1305,C,13,15,23,54219994,6,6,13,2026-06-21T05:10:10.004609,28,36
2026-06-21 05:10:09,mediboard,인천광역시,0,0,A1300011,한국보훈복지의료공단대구보훈병원,1302,D,13,12,12,54219825,2,2,13,2026-06-21T05:10:10.004609,14,14
2026-06-21 05:10:09,mediboard,대구광역시,0,0,A1400008,(의)성세의료재단 뉴성민병원,1407,D,14,8,9,54219772,1,1,14,2026-06-21T05:10:10.004609,9,10
2026-06-21 05:10:09,mediboard,대구광역시,2,3,A1400015,가톨릭관동대학교국제성모병원,1407,C,14,15,23,54219882,4,5,14,2026-06-21T05:10:10.004609,21,31
2026-06-21 05:10:09,mediboard,대구광역시,4,4,A1400012,가톨릭대학교 인천성모병원,1406,C,14,2,19,54219996,8,8,14,2026-06-21T05:10:10.004609,14,31
2026-06-21 05:10:09,mediboard,대구광역시,0,0,A1400010,검단탑병원,1407,C,14,15,18,54219724,3,3,14,2026-06-21T05:10:10.004609,18,21
2026-06-21 05:10:09,mediboard,대구광역시,0,0,A1403617,비에스종합병원,1401,D,14,9,10,54219941,1,1,14,2026-06-21T05:10:10.004609,10,11
2026-06-21 05:10:09,mediboard,대구광역시,0,0,A1400013,안은의료재단 부평세림병원,1406,C,14,15,16,54219881,4,4,14,2026-06-21T05:10:10.004609,19,20
2026-06-21 05:10:09,mediboard,대구광역시,0,0,A1400005,온누리병원,1407,D,14,8,9,54219995,2,2,14,2026-06-21T05:10:10.004609,10,11
2026-06-21 05:10:09,mediboard,대구광역시,11,11,A1400001,의료법인 길의료재단 길병원,1404,A,14,11,25,54220048,6,7,14,2026-06-21T05:10:10.004609,26,41
2026-06-21 05:10:09,mediboard,대구광역시,0,0,A1400011,의료법인 나사렛의료재단 나사렛국제병원,1408,C,14,12,17,54219725,3,5,14,2026-06-21T05:10:10.004609,15,22
2026-06-21 05:10:09,mediboard,대구광역시,0,0,A1400003,의료법인 루가의료재단 나은병원,1407,C,14,8,11,54219771,10,10,14,2026-06-21T05:10:10.004609,18,21
2026-06-21 05:10:09,mediboard,대구광역시,0,0,A1400007,의료법인 성수의료재단 인천백병원,1405,D,14,5,5,54219880,1,1,14,2026-06-21T05:10:10.004609,6,6
2026-06-21 05:10:09,mediboard,대구광역시,0,0,A1400014,의료법인인성의료재단한림병원,1402,C,14,12,17,54219997,4,4,14,2026-06-21T05:10:10.004609,16,21
2026-06-21 05:10:09,mediboard,대구광역시,0,0,A1400017,인천광역시의료원,1405,D,14,15,15,54219774,2,2,14,2026-06-21T05:10:10.004609,17,17
2026-06-21 05:10:09,mediboard,대구광역시,0,0,A1400037,인천광역시의료원백령병원,1409,D,14,3,5,54219884,1,1,14,2026-06-21T05:10:10.004609,4,6
2026-06-21 05:10:09,mediboard,대구광역시,0,0,A1400009,인천기독병원,1410,D,14,8,8,54219773,1,1,14,2026-06-21T05:10:10.004609,9,9
2026-06-21 05:10:09,mediboard,대구광역시,0,0,A1400016,인천사랑병원,1403,C,14,9,14,54219939,7,7,14,2026-06-21T05:10:10.004609,16,21
2026-06-21 05:10:09,mediboard,대구광역시,0,0,A1403372,인천세종병원,1402,C,14,15,18,54219940,3,3,14,2026-06-21T05:10:10.004609,18,21
2026-06-21 05:10:09,mediboard,대구광역시,0,0,A1400018,인천적십자병원,1408,D,14,8,8,54219883,2,2,14,2026-06-21T05:10:10.004609,10,10
2026-06-21 05:10:09,mediboard,대구광역시,0,0,A1403871,인천힘찬종합병원,1404,D,14,16,17,54219998,3,6,14,2026-06-21T05:10:10.004609,19,23
2026-06-21 05:10:09,mediboard,대구광역시,9,9,A1400002,인하대학교의과대학부속병원,1410,A,14,11,20,54219827,9,9,14,2026-06-21T05:10:10.004609,27,36
2026-06-21 05:10:09,mediboard,대구광역시,0,0,A1400004,현대유비스병원,1403,D,14,18,18,54220049,1,1,14,2026-06-21T05:10:10.004609,19,19
2026-06-21 05:10:09,mediboard,광주광역시,6,7,A1500019,KS병원,1501,C,15,12,15,54219999,3,3,15,2026-06-21T05:10:10.004609,21,25
2026-06-21 05:10:09,mediboard,광주광역시,0,0,A1500021,광주기독병원,1502,C,15,10,20,54220000,3,6,15,2026-06-21T05:10:10.004609,13,26
2026-06-21 05:10:09,mediboard,광주광역시,0,0,A1500015,광주병원,1504,D,15,8,10,54219728,1,1,15,2026-06-21T05:10:10.004609,9,11
2026-06-21 05:10:09,mediboard,광주광역시,0,0,A1500004,광주보훈병원,1501,D,15,12,14,54219828,2,2,15,2026-06-21T05:10:10.004609,14,16
2026-06-21 05:10:09,mediboard,광주광역시,0,0,A1502007,광주센트럴병원,1501,D,15,7,10,54220053,1,1,15,2026-06-21T05:10:10.004609,8,11
2026-06-21 05:10:09,mediboard,광주광역시,0,0,A1500018,광주수완병원,1501,D,15,8,9,54219729,0,1,15,2026-06-21T05:10:10.004609,8,10
2026-06-21 05:10:09,mediboard,광주광역시,0,0,A1500009,광주씨티병원,1502,D,15,10,10,54219726,1,1,15,2026-06-21T05:10:10.004609,11,11
2026-06-21 05:10:09,mediboard,광주광역시,0,0,A1500005,광주일곡병원,1504,D,15,9,9,54220094,1,1,15,2026-06-21T05:10:10.004609,10,10
2026-06-21 05:10:09,mediboard,광주광역시,0,0,A1500016,광주한국병원,1505,D,15,15,15,54219944,1,1,15,2026-06-21T05:10:10.004609,16,16
2026-06-21 05:10:09,mediboard,광주광역시,0,0,A1500003,광주현대병원,1504,D,15,5,9,54219942,2,2,15,2026-06-21T05:10:10.004609,7,11
2026-06-21 05:10:09,mediboard,광주광역시,0,0,A1500007,광주희망병원,1504,D,15,8,9,54219775,1,1,15,2026-06-21T05:10:10.004609,9,10
2026-06-21 05:10:09,mediboard,광주광역시,0,0,A1500013,동아병원,1502,D,15,9,9,54219727,1,1,15,2026-06-21T05:10:10.004609,10,10
2026-06-21 05:10:09,mediboard,광주광역시,0,0,A1500014,미래로21병원,1505,D,15,6,9,54219943,1,1,15,2026-06-21T05:10:10.004609,7,10
2026-06-21 05:10:09,mediboard,광주광역시,0,0,A1500022,상무병원,1505,D,15,8,9,54220052,1,1,15,2026-06-21T05:10:10.004609,9,10
2026-06-21 05:10:09,mediboard,광주광역시,2,2,A1500020,서광병원,1505,C,15,17,18,54220097,3,3,15,2026-06-21T05:10:10.004609,22,23
2026-06-21 05:10:09,mediboard,광주광역시,0,0,A1500006,신가병원,1501,D,15,9,9,54220095,2,2,15,2026-06-21T05:10:10.004609,11,11
2026-06-21 05:10:09,mediboard,광주광역시,0,0,A1500010,운암한국병원,1504,D,15,8,9,54220051,1,1,15,2026-06-21T05:10:10.004609,9,10
2026-06-21 05:10:09,mediboard,광주광역시,3,4,A1500002,전남대학교병원,1503,A,15,18,28,54220050,3,7,15,2026-06-21T05:10:10.004609,24,39
2026-06-21 05:10:09,mediboard,광주광역시,4,4,A1500001,조선대학교병원,1503,A,15,17,23,54219885,5,5,15,2026-06-21T05:10:10.004609,26,32
2026-06-21 05:10:09,mediboard,광주광역시,0,0,A1500011,첨단종합병원,1501,C,15,21,22,54220096,3,3,15,2026-06-21T05:10:10.004609,24,25
2026-06-21 05:10:09,mediboard,광주광역시,0,0,A1500017,하남성심병원,1501,D,15,18,19,54219886,1,2,15,2026-06-21T05:10:10.004609,19,21
2026-06-21 05:10:09,mediboard,대전광역시,0,0,A1600004,대전보훈병원,1601,D,16,7,7,54219730,2,2,16,2026-06-21T05:10:10.004609,9,9
2026-06-21 05:10:09,mediboard,대전광역시,0,0,A1600003,대전한국병원,1602,D,16,7,9,54219887,1,1,16,2026-06-21T05:10:10.004609,8,10
2026-06-21 05:10:09,mediboard,대전광역시,0,0,A1602246,대청병원,1603,D,16,9,9,54220001,1,1,16,2026-06-21T05:10:10.004609,10,10
2026-06-21 05:10:09,mediboard,대전광역시,0,0,A1600008,의료법인영훈의료재단대전선병원,1605,C,16,16,17,54219888,4,9,16,2026-06-21T05:10:10.004609,20,26
2026-06-21 05:10:09,mediboard,대전광역시,0,0,A1600007,의료법인영훈의료재단유성선병원,1604,C,16,15,17,54219777,3,7,16,2026-06-21T05:10:10.004609,18,24
2026-06-21 05:10:09,mediboard,대전광역시,6,6,A1600001,충남대학교병원,1605,A,16,18,28,54219829,5,5,16,2026-06-21T05:10:10.004609,29,39
2026-06-21 05:10:09,mediboard,대전광역시,0,0,A1600005,학교법인가톨릭학원가톨릭대학교대전성모병원,1605,C,16,17,19,54220098,3,3,16,2026-06-21T05:10:10.004609,20,22
2026-06-21 05:10:09,mediboard,대전광역시,5,5,A1600006,학교법인건양교육재단건양대학교병원,1603,A,16,20,24,54219776,5,5,16,2026-06-21T05:10:10.004609,30,34
2026-06-21 05:10:09,mediboard,대전광역시,0,0,A1600002,학교법인을지학원대전을지대학교병원,1603,C,16,21,23,54220054,6,6,16,2026-06-21T05:10:10.004609,27,29
2026-06-21 05:10:09,mediboard,울산광역시,0,0,A1700001,서울산보람병원,1704,D,17,8,10,54219778,1,1,17,2026-06-21T05:10:10.004609,9,11
2026-06-21 05:10:09,mediboard,울산광역시,0,0,A1700003,울산병원,1701,C,17,17,19,54219945,3,3,17,2026-06-21T05:10:10.004609,20,22
2026-06-21 05:10:09,mediboard,울산광역시,0,0,A1700002,의료법인동강의료재단동강병원,1705,C,17,21,24,54220002,3,3,17,2026-06-21T05:10:10.004609,24,27
2026-06-21 05:10:09,mediboard,울산광역시,0,0,A1700025,의료법인송은의료재단울산시티병원,1703,C,17,15,17,54219946,3,3,17,2026-06-21T05:10:10.004609,18,20
2026-06-21 05:10:09,mediboard,울산광역시,0,0,A1700011,의료법인은성의료재단좋은삼정병원,1701,D,17,9,9,54220003,1,1,17,2026-06-21T05:10:10.004609,10,10
2026-06-21 05:10:09,mediboard,울산광역시,0,0,A1700028,의료법인정안의료재단중앙병원,1701,C,17,17,17,54219830,3,3,17,2026-06-21T05:10:10.004609,20,20
2026-06-21 05:10:09,mediboard,울산광역시,8,8,A1700004,학교법인울산공업학원울산대학교병원,1702,A,17,16,23,54219889,6,6,17,2026-06-21T05:10:10.004609,30,37
2026-06-21 05:10:09,mediboard,경기도,0,0,A2100019,(의)영문의료재단 다보스병원,2136,C,21,13,13,54219835,7,7,21,2026-06-21T05:10:10.004609,20,20
2026-06-21 05:10:09,mediboard,경기도,0,0,A2100122,(의)효심의료재단용인서울병원,2136,D,21,9,10,54220107,0,0,21,2026-06-21T05:10:10.004609,9,10
2026-06-21 05:10:09,mediboard,경기도,0,0,A2100052,가톨릭대학교부천성모병원,2113,C,21,24,31,54219738,6,6,21,2026-06-21T05:10:10.004609,30,37
2026-06-21 05:10:09,mediboard,경기도,4,8,A2100012,가톨릭대학교성빈센트병원,2122,C,21,11,28,54219890,5,6,21,2026-06-21T05:10:10.004609,18,40
2026-06-21 05:10:09,mediboard,경기도,11,11,A2100040,가톨릭대학교의정부성모병원,2138,A,21,32,44,54219784,6,6,21,2026-06-21T05:10:10.004609,49,61
2026-06-21 05:10:09,mediboard,경기도,0,0,A2100029,강남병원,2134,C,21,17,17,54220006,3,3,21,2026-06-21T05:10:10.004609,20,20
2026-06-21 05:10:09,mediboard,경기도,0,0,A2100193,경기도의료원 이천병원,2139,C,21,14,17,54220008,3,3,21,2026-06-21T05:10:10.004609,17,20
2026-06-21 05:10:09,mediboard,경기도,0,0,A2100032,경기도의료원수원병원,2121,D,21,7,8,54219949,5,5,21,2026-06-21T05:10:10.004609,12,13
2026-06-21 05:10:09,mediboard,경기도,0,0,A2100045,경기도의료원안성병원,2126,D,21,13,14,54219950,1,5,21,2026-06-21T05:10:10.004609,14,19
2026-06-21 05:10:09,mediboard,경기도,0,0,A2100043,경기도의료원의정부병원,2138,D,21,10,10,54220103,1,1,21,2026-06-21T05:10:10.004609,11,11
2026-06-21 05:10:09,mediboard,경기도,0,0,A2100035,경기도의료원파주병원,2140,C,21,16,17,54219736,3,3,21,2026-06-21T05:10:10.004609,19,20
2026-06-21 05:10:09,mediboard,경기도,0,0,A2100031,경기도의료원포천병원,2142,C,21,17,17,54219893,3,3,21,2026-06-21T05:10:10.004609,20,20
2026-06-21 05:10:09,mediboard,경기도,4,4,A2100003,고려대학교의과대학부속안산병원,2124,A,21,12,22,54219781,7,8,21,2026-06-21T05:10:10.004609,23,34
2026-06-21 05:10:09,mediboard,경기도,4,4,A2100007,광명성애병원,2106,C,21,7,11,54220056,5,5,21,2026-06-21T05:10:10.004609,16,20
2026-06-21 05:10:09,mediboard,경기도,0,0,A2100258,국군수도병원,2116,D,21,16,16,54220009,0,2,21,2026-06-21T05:10:10.004609,16,18
2026-06-21 05:10:09,mediboard,경기도,0,0,A2100049,국립암센터,2103,D,21,19,24,54219895,1,1,21,2026-06-21T05:10:10.004609,20,25
2026-06-21 05:10:09,mediboard,경기도,3,5,A2100033,국민건강보험공단일산병원,2103,A,21,20,23,54220101,5,5,21,2026-06-21T05:10:10.004609,28,33
2026-06-21 05:10:09,mediboard,경기도,0,0,A2100014,근로복지공단안산병원,2125,D,21,7,7,54219832,1,1,21,2026-06-21T05:10:10.004609,8,8
2026-06-21 05:10:09,mediboard,경기도,0,0,A2100041,남양주한양병원,2111,C,21,16,17,54220102,3,3,21,2026-06-21T05:10:10.004609,19,20
2026-06-21 05:10:09,mediboard,경기도,0,0,A2100017,대아의료재단한도병원,2124,C,21,16,17,54219834,3,3,21,2026-06-21T05:10:10.004609,19,20
2026-06-21 05:10:09,mediboard,경기도,3,3,A2100025,대진의료재단분당제생병원,2116,C,21,21,24,54220058,3,3,21,2026-06-21T05:10:10.004609,27,30
2026-06-21 05:10:09,mediboard,경기도,3,3,A2100047,동국대학교일산불교병원,2103,C,21,18,19,54219894,7,7,21,2026-06-21T05:10:10.004609,28,29
2026-06-21 05:10:09,mediboard,경기도,0,0,A2100131,메디인병원,2140,D,21,9,12,54220060,2,2,21,2026-06-21T05:10:10.004609,11,14
2026-06-21 05:10:09,mediboard,경기도,0,0,A2121142,메디필드한강병원,2136,D,21,15,17,54220065,3,3,21,2026-06-21T05:10:10.004609,18,20
2026-06-21 05:10:09,mediboard,경기도,0,0,A2100055,부천세종병원,2113,C,21,13,17,54219840,3,3,21,2026-06-21T05:10:10.004609,16,20
2026-06-21 05:10:09,mediboard,경기도,4,5,A2100001,분당서울대학교병원,2116,A,21,-8,30,54219780,4,5,21,2026-06-21T05:10:10.004609,0,40
2026-06-21 05:10:09,mediboard,경기도,6,6,A2116806,성남시의료원,2117,C,21,15,17,54220064,6,6,21,2026-06-21T05:10:10.004609,27,29
2026-06-21 05:10:09,mediboard,경기도,0,0,A2100011,성남중앙병원,2118,D,21,8,9,54219733,1,1,21,2026-06-21T05:10:10.004609,9,10
2026-06-21 05:10:09,mediboard,경기도,0,0,A2100194,세종여주병원,2131,D,21,6,6,54219739,7,7,21,2026-06-21T05:10:10.004609,13,13
2026-06-21 05:10:09,mediboard,경기도,0,0,A2100016,순천의료재단성남정병원,2117,D,21,9,9,54219782,2,2,21,2026-06-21T05:10:10.004609,11,11
2026-06-21 05:10:09,mediboard,경기도,4,5,A2100005,순천향대학교부속부천병원,2113,A,21,12,17,54219732,2,5,21,2026-06-21T05:10:10.004609,18,27
2026-06-21 05:10:09,mediboard,경기도,11,14,A2100002,아주대학교병원,2120,A,21,16,32,54219831,11,13,21,2026-06-21T05:10:10.004609,35,54
2026-06-21 05:10:09,mediboard,경기도,0,0,A2100305,안성성모병원,2126,D,21,9,9,54220063,1,1,21,2026-06-21T05:10:10.004609,10,10
2026-06-21 05:10:09,mediboard,경기도,0,0,A2100089,양평병원,2130,D,21,9,9,54219952,1,1,21,2026-06-21T05:10:10.004609,10,10
2026-06-21 05:10:09,mediboard,경기도,0,0,A2118188,엘병원,2111,D,21,8,8,54219954,2,2,21,2026-06-21T05:10:10.004609,10,10
2026-06-21 05:10:09,mediboard,경기도,6,6,A2100020,연세대학교의과대학용인세브란스병원,2134,C,21,11,16,54220099,4,4,21,2026-06-21T05:10:10.004609,21,26
2026-06-21 05:10:09,mediboard,경기도,0,0,E2100187,연천군보건의료원,2132,D,21,10,10,54219758,0,0,21,2026-06-21T05:10:10.004609,10,10
2026-06-21 05:10:09,mediboard,경기도,0,0,A2100024,오산한국병원,2133,C,21,15,17,54220100,3,3,21,2026-06-21T05:10:10.004609,18,20
2026-06-21 05:10:09,mediboard,경기도,0,0,A2100048,원광대학교산본병원,2109,C,21,16,17,54219839,3,3,21,2026-06-21T05:10:10.004609,19,20
2026-06-21 05:10:09,mediboard,경기도,5,5,A2100008,의료법인 남촌의료재단 시화병원,2123,C,21,15,16,54219947,5,6,21,2026-06-21T05:10:10.004609,25,27
2026-06-21 05:10:09,mediboard,경기도,0,0,A2100013,의료법인 록향의료재단 신천연합병원,2123,D,21,9,10,54220057,1,1,21,2026-06-21T05:10:10.004609,10,11
2026-06-21 05:10:09,mediboard,경기도,0,0,A2100036,의료법인 일심의료재단 포천우리병원,2142,D,21,17,18,54219838,4,4,21,2026-06-21T05:10:10.004609,21,22
2026-06-21 05:10:09,mediboard,경기도,0,0,A2100309,의료법인갈렌의료재단박병원,2141,D,21,10,10,54219897,1,1,21,2026-06-21T05:10:10.004609,11,11
2026-06-21 05:10:09,mediboard,경기도,0,0,A2100009,의료법인녹산의료재단동수원병원,2122,C,21,16,17,54219948,3,3,21,2026-06-21T05:10:10.004609,19,20
2026-06-21 05:10:09,mediboard,경기도,0,0,A2100050,의료법인대인의료재단다니엘종합병원,2113,D,21,4,6,54220105,4,4,21,2026-06-21T05:10:10.004609,8,10
2026-06-21 05:10:09,mediboard,경기도,3,3,A2121061,의료법인덕산의료재단수원덕산병원,2119,D,21,20,24,54220108,3,3,21,2026-06-21T05:10:10.004609,26,30
2026-06-21 05:10:09,mediboard,경기도,0,0,A2117135,의료법인명인의료재단화홍병원,2119,C,21,12,15,54219842,5,5,21,2026-06-21T05:10:10.004609,17,20
2026-06-21 05:10:09,mediboard,경기도,3,3,A2100042,의료법인명지의료재단명지병원,2102,A,21,13,15,54220059,11,11,21,2026-06-21T05:10:10.004609,24,26
2026-06-21 05:10:09,mediboard,경기도,0,0,A2100022,의료법인박애의료재단박애병원,2141,D,21,9,10,54219836,1,1,21,2026-06-21T05:10:10.004609,10,11
2026-06-21 05:10:09,mediboard,경기도,0,0,A2100028,의료법인백송의료재단굿모닝병원,2141,C,21,16,19,54219837,8,9,21,2026-06-21T05:10:10.004609,24,28
2026-06-21 05:10:09,mediboard,경기도,0,0,A2100027,의료법인석경의료재단센트럴병원,2123,D,21,18,18,54219892,3,3,21,2026-06-21T05:10:10.004609,21,21
2026-06-21 05:10:09,mediboard,경기도,0,0,A2116972,의료법인성광의료재단일산차병원,2103,D,21,6,6,54219841,4,4,21,2026-06-21T05:10:10.004609,10,10
2026-06-21 05:10:09,mediboard,경기도,0,0,A2113246,의료법인양진의료재단평택성모병원,2141,C,21,12,17,54219898,3,3,21,2026-06-21T05:10:10.004609,15,20
2026-06-21 05:10:09,mediboard,경기도,0,0,A2100034,의료법인영동의료재단의정부백병원,2138,D,21,10,10,54219735,2,2,21,2026-06-21T05:10:10.004609,12,12
2026-06-21 05:10:09,mediboard,경기도,0,0,A2100053,의료법인우리의료재단김포우리병원,2110,C,21,16,22,54219951,7,7,21,2026-06-21T05:10:10.004609,23,29
2026-06-21 05:10:09,mediboard,경기도,0,0,A2115699,의료법인원광의료재단원광종합병원,2146,D,21,6,9,54219786,1,1,21,2026-06-21T05:10:10.004609,7,10
2026-06-21 05:10:09,mediboard,경기도,0,0,A2100018,의료법인은혜와감사의료재단화성중앙종합병원,2144,D,21,9,9,54220005,1,1,21,2026-06-21T05:10:10.004609,10,10
2026-06-21 05:10:09,mediboard,경기도,0,0,A2100006,의료법인인봉의료재단뉴고려병원,2110,C,21,11,14,54220055,6,6,21,2026-06-21T05:10:10.004609,17,20
2026-06-21 05:10:09,mediboard,경기도,0,0,A2100290,의료법인자인의료재단(더자인병원),2102,D,21,16,16,54219896,4,4,21,2026-06-21T05:10:10.004609,20,20
2026-06-21 05:10:09,mediboard,경기도,0,0,A2100124,의료법인칠석의료재단사랑의병원,2125,D,21,13,13,54219785,1,1,21,2026-06-21T05:10:10.004609,14,14
2026-06-21 05:10:09,mediboard,경기도,0,0,A2100175,의료법인토마스의료재단윌스기념병원,2122,D,21,17,18,54220062,3,3,21,2026-06-21T05:10:10.004609,20,21
2026-06-21 05:10:09,mediboard,경기도,0,0,A2100021,의료법인플러스의료재단단원병원,2124,D,21,16,17,54219891,3,3,21,2026-06-21T05:10:10.004609,19,20
2026-06-21 05:10:09,mediboard,경기도,4,4,A2100038,인제대학교일산백병원,2104,C,21,24,30,54220007,5,6,21,2026-06-21T05:10:10.004609,33,40
2026-06-21 05:10:09,mediboard,경기도,0,0,A2118788,중앙대학교광명병원,2106,C,21,19,21,54219740,3,3,21,2026-06-21T05:10:10.004609,22,24
2026-06-21 05:10:09,mediboard,경기도,5,13,A2100030,차의과학대학교분당차병원,2116,A,21,10,22,54219734,7,7,21,2026-06-21T05:10:10.004609,20,40
2026-06-21 05:10:09,mediboard,경기도,1,1,A2100155,참조은병원,2107,C,21,8,9,54220061,10,10,21,2026-06-21T05:10:10.004609,19,20
2026-06-21 05:10:09,mediboard,경기도,0,0,A2100150,추병원,2138,D,21,12,12,54219953,2,2,21,2026-06-21T05:10:10.004609,14,14
2026-06-21 05:10:09,mediboard,경기도,6,6,A2117994,학교법인을지학원의정부을지대학교병원,2138,C,21,25,30,54219843,11,11,21,2026-06-21T05:10:10.004609,42,47
2026-06-21 05:10:09,mediboard,경기도,9,9,A2100046,한림대학교동탄성심병원,2147,C,21,31,32,54220104,3,3,21,2026-06-21T05:10:10.004609,43,44
2026-06-21 05:10:09,mediboard,경기도,3,3,A2100004,한림대학교성심병원,2127,A,21,11,25,54219731,10,11,21,2026-06-21T05:10:10.004609,24,39
2026-06-21 05:10:09,mediboard,경기도,0,0,A2100039,한양대학교구리병원,2108,C,21,11,18,54219783,5,5,21,2026-06-21T05:10:10.004609,16,23
2026-06-21 05:10:09,mediboard,경기도,0,0,A2100037,현대병원,2111,C,21,14,17,54219737,3,3,21,2026-06-21T05:10:10.004609,17,20
2026-06-21 05:10:09,mediboard,경기도,0,0,A2100015,효산의료재단 안양샘병원,2128,C,21,11,17,54219833,3,3,21,2026-06-21T05:10:10.004609,14,20
2026-06-21 05:10:09,mediboard,경기도,0,0,A2100054,효산의료재단지샘병원,2109,C,21,17,18,54220106,4,4,21,2026-06-21T05:10:10.004609,21,22
2026-06-21 05:10:09,mediboard,강원특별자치도,3,3,A2200008,강릉아산병원,2201,A,22,20,23,54219955,5,5,22,2026-06-21T05:10:10.004609,28,31
2026-06-21 05:10:09,mediboard,강원특별자치도,3,3,A2200009,강원대학교병원,2213,C,22,17,21,54220109,5,5,22,2026-06-21T05:10:10.004609,25,29
2026-06-21 05:10:09,mediboard,강원특별자치도,0,0,A2200011,강원특별자치도강릉의료원,2201,D,22,5,5,54219900,1,1,22,2026-06-21T05:10:10.004609,6,6
2026-06-21 05:10:09,mediboard,강원특별자치도,1,1,A2200007,강원특별자치도삼척의료원,2204,C,22,16,16,54219741,3,5,22,2026-06-21T05:10:10.004609,20,22
2026-06-21 05:10:09,mediboard,강원특별자치도,0,0,A2200012,강원특별자치도속초의료원,2205,C,22,17,17,54220110,3,3,22,2026-06-21T05:10:10.004609,20,20
2026-06-21 05:10:09,mediboard,강원특별자치도,0,0,A2200002,강원특별자치도영월의료원,2208,D,22,9,9,54219787,1,1,22,2026-06-21T05:10:10.004609,10,10
2026-06-21 05:10:09,mediboard,강원특별자치도,0,0,A2200015,강원특별자치도원주의료원,2209,D,22,6,8,54219902,2,2,22,2026-06-21T05:10:10.004609,8,10
2026-06-21 05:10:09,mediboard,강원특별자치도,0,0,A2200048,근로복지공단정선병원,2211,D,22,5,5,54219845,1,1,22,2026-06-21T05:10:10.004609,6,6
2026-06-21 05:10:09,mediboard,강원특별자치도,0,0,A2200004,근로복지공단태백병원,2214,D,22,9,9,54219844,1,1,22,2026-06-21T05:10:10.004609,10,10
2026-06-21 05:10:09,mediboard,강원특별자치도,2,3,A2200001,연세대학교원주세브란스기독병원,2209,A,22,25,31,54219899,36,45,22,2026-06-21T05:10:10.004609,63,79
2026-06-21 05:10:09,mediboard,강원특별자치도,0,0,A2200005,의료법인강릉동인병원,2201,C,22,13,17,54220011,3,3,22,2026-06-21T05:10:10.004609,16,20
2026-06-21 05:10:09,mediboard,강원특별자치도,0,0,A2200003,의료법인동해동인병원,2203,D,22,8,10,54220010,1,1,22,2026-06-21T05:10:10.004609,9,11
2026-06-21 05:10:09,mediboard,강원특별자치도,0,0,A2200037,의료법인성심의료재단양구성심병원,2206,D,22,5,5,54220111,1,1,22,2026-06-21T05:10:10.004609,6,6
2026-06-21 05:10:09,mediboard,강원특별자치도,0,0,A2200024,의료법인성지의료재단성지병원,2209,D,22,5,7,54219957,1,1,22,2026-06-21T05:10:10.004609,6,8
2026-06-21 05:10:09,mediboard,강원특별자치도,0,0,A2200046,의료법인온세움의료재단온재병원,2205,D,22,8,9,54220112,1,1,22,2026-06-21T05:10:10.004609,9,10
2026-06-21 05:10:09,mediboard,강원특별자치도,0,0,A2201730,철원병원,2212,D,22,5,5,54219788,1,1,22,2026-06-21T05:10:10.004609,6,6
2026-06-21 05:10:09,mediboard,강원특별자치도,0,0,E2200026,평창군보건의료원,2215,D,22,6,6,54219866,1,1,22,2026-06-21T05:10:10.004609,7,7
2026-06-21 05:10:09,mediboard,강원특별자치도,3,3,A2200013,한림대학교춘천성심병원,2213,A,22,15,22,54219742,5,5,22,2026-06-21T05:10:10.004609,23,30
2026-06-21 05:10:09,mediboard,강원특별자치도,0,0,A2200014,홍천아산병원,2216,D,22,10,10,54219901,0,0,22,2026-06-21T05:10:10.004609,10,10
2026-06-21 05:10:09,mediboard,강원특별자치도,0,0,E2200025,화천군보건의료원,2217,D,22,7,7,54219981,1,1,22,2026-06-21T05:10:10.004609,8,8
2026-06-21 05:10:09,mediboard,강원특별자치도,0,0,A2200016,횡성대성병원,2218,D,22,9,9,54219956,1,1,22,2026-06-21T05:10:10.004609,10,10
2026-06-21 05:10:09,mediboard,충청북도,0,0,A2300010,건국대학교충주병원,2314,C,23,16,20,54220113,3,3,23,2026-06-21T05:10:10.004609,19,23
2026-06-21 05:10:09,mediboard,충청북도,0,0,E2300011,단양군보건의료원,2302,D,23,5,6,54219812,1,2,23,2026-06-21T05:10:10.004609,6,8
2026-06-21 05:10:09,mediboard,충청북도,0,0,A2300013,의료법인 건명의료재단 중앙제일병원,2309,C,23,15,17,54220012,3,5,23,2026-06-21T05:10:10.004609,18,22
2026-06-21 05:10:09,mediboard,충청북도,0,0,A2300034,의료법인대광의료재단괴산성모병원,2301,D,23,9,9,54219905,0,1,23,2026-06-21T05:10:10.004609,9,10
2026-06-21 05:10:09,mediboard,충청북도,3,3,A2300009,의료법인명지의료재단명지병원,2307,C,23,15,18,54219904,6,6,23,2026-06-21T05:10:10.004609,24,27
2026-06-21 05:10:09,mediboard,충청북도,0,0,A2300007,의료법인인화재단한국병원,2310,C,23,13,14,54219903,6,6,23,2026-06-21T05:10:10.004609,19,20
2026-06-21 05:10:09,mediboard,충청북도,0,0,A2300005,의료법인자산의료재단제천서울병원,2307,C,23,11,15,54219791,5,5,23,2026-06-21T05:10:10.004609,16,20
2026-06-21 05:10:09,mediboard,충청북도,0,0,A2300003,의료법인정산의료재단효성병원,2310,C,23,18,18,54219790,5,5,23,2026-06-21T05:10:10.004609,23,23
2026-06-21 05:10:09,mediboard,충청북도,0,0,A2300030,의료법인조윤의료재단영동병원,2304,D,23,10,10,54220013,0,0,23,2026-06-21T05:10:10.004609,10,10
2026-06-21 05:10:09,mediboard,충청북도,0,0,A2300002,의료법인한마음의료재단하나병원,2313,C,23,22,23,54219743,3,12,23,2026-06-21T05:10:10.004609,25,35
2026-06-21 05:10:09,mediboard,충청북도,0,0,A2300011,의료법인힐링의료재단옥천성모병원,2305,D,23,7,7,54220066,3,3,23,2026-06-21T05:10:10.004609,10,10
2026-06-21 05:10:09,mediboard,충청북도,0,0,A2300008,청주성모병원,2312,C,23,11,15,54219744,7,10,23,2026-06-21T05:10:10.004609,18,25
2026-06-21 05:10:09,mediboard,충청북도,8,8,A2300001,충북대학교병원,2311,A,23,29,32,54219789,5,5,23,2026-06-21T05:10:10.004609,42,45
2026-06-21 05:10:09,mediboard,충청북도,0,0,A2300006,충청북도청주의료원,2311,D,23,10,12,54219847,4,4,23,2026-06-21T05:10:10.004609,14,16
2026-06-21 05:10:09,mediboard,충청북도,0,0,A2300004,충청북도충주의료원,2314,D,23,18,18,54219846,3,3,23,2026-06-21T05:10:10.004609,21,21
2026-06-21 05:10:09,mediboard,충청남도,4,4,A2400002,단국대학교의과대학부속병원,2412,A,24,24,27,54219793,5,5,24,2026-06-21T05:10:10.004609,33,36
2026-06-21 05:10:09,mediboard,충청남도,0,0,A2400008,당진종합병원,2405,C,24,12,17,54219794,3,3,24,2026-06-21T05:10:10.004609,15,20
2026-06-21 05:10:09,mediboard,충청남도,0,4,A2400003,서산중앙병원,2408,C,24,17,17,54219745,3,3,24,2026-06-21T05:10:10.004609,20,24
2026-06-21 05:10:09,mediboard,충청남도,0,0,A2402257,아산충무병원,2410,C,24,11,13,54220114,8,8,24,2026-06-21T05:10:10.004609,19,21
2026-06-21 05:10:09,mediboard,충청남도,0,0,A2400044,의료법인 서해병원,2409,D,24,5,5,54219795,2,2,24,2026-06-21T05:10:10.004609,7,7
2026-06-21 05:10:09,mediboard,충청남도,0,0,A2400009,의료법인백제병원,2404,C,24,18,20,54219747,3,3,24,2026-06-21T05:10:10.004609,21,23
2026-06-21 05:10:09,mediboard,충청남도,0,0,A2400012,의료법인영서의료재단천안충무병원,2413,C,24,14,16,54219906,5,5,24,2026-06-21T05:10:10.004609,19,21
2026-06-21 05:10:09,mediboard,충청남도,0,0,A2400004,의료법인예당의료재단예산종합병원,2411,D,24,5,6,54220067,1,1,24,2026-06-21T05:10:10.004609,6,7
2026-06-21 05:10:09,mediboard,충청남도,0,0,A2400011,재단법인아산사회복지재단보령아산병원,2406,C,24,17,17,54219848,3,3,24,2026-06-21T05:10:10.004609,20,20
2026-06-21 05:10:09,mediboard,충청남도,0,0,E2400032,청양군보건의료원,2414,D,24,6,6,54219923,1,1,24,2026-06-21T05:10:10.004609,7,7
2026-06-21 05:10:09,mediboard,충청남도,0,0,A2400010,충청남도공주의료원,2402,D,24,14,15,54219748,1,1,24,2026-06-21T05:10:10.004609,15,16
2026-06-21 05:10:09,mediboard,충청남도,0,0,A2400006,충청남도서산의료원,2408,C,24,16,17,54219746,3,3,24,2026-06-21T05:10:10.004609,19,20
2026-06-21 05:10:09,mediboard,충청남도,0,0,A2400005,충청남도천안의료원,2412,D,24,10,12,54220014,1,2,24,2026-06-21T05:10:10.004609,11,14
2026-06-21 05:10:09,mediboard,충청남도,1,1,A2400007,충청남도홍성의료원,2416,C,24,16,18,54220068,3,3,24,2026-06-21T05:10:10.004609,20,22
2026-06-21 05:10:09,mediboard,충청남도,0,0,E2400033,태안군보건의료원,2415,D,24,10,10,54219759,1,1,24,2026-06-21T05:10:10.004609,11,11
2026-06-21 05:10:09,mediboard,충청남도,0,0,A2400038,학교법인건양교육재단건양대학교부여병원,2407,D,24,8,9,54219907,1,1,24,2026-06-21T05:10:10.004609,9,10
2026-06-21 05:10:09,mediboard,충청남도,18,18,A2400001,학교법인동은학원순천향대학교부속천안병원,2412,A,24,13,22,54219792,11,11,24,2026-06-21T05:10:10.004609,38,47
2026-06-21 05:10:09,mediboard,충청남도,0,0,A2400039,현대병원,2410,D,24,9,10,54220015,1,1,24,2026-06-21T05:10:10.004609,10,11
2026-06-21 05:10:09,mediboard,전북특별자치도,0,0,A2500038,김제우석병원,2503,D,25,10,10,54219749,1,1,25,2026-06-21T05:10:10.004609,11,11
2026-06-21 05:10:09,mediboard,전북특별자치도,0,0,A2500056,대자인병원,2512,C,25,30,33,54219909,3,3,25,2026-06-21T05:10:10.004609,33,36
2026-06-21 05:10:09,mediboard,전북특별자치도,0,0,E2500019,무주군보건의료원,2505,D,25,4,4,54220083,1,1,25,2026-06-21T05:10:10.004609,5,5
2026-06-21 05:10:09,mediboard,전북특별자치도,0,0,A2500010,부안성모병원,2506,D,25,10,10,54220017,2,2,25,2026-06-21T05:10:10.004609,12,12
2026-06-21 05:10:09,mediboard,전북특별자치도,3,3,A2502742,새강병원,2513,D,25,13,14,54220117,3,3,25,2026-06-21T05:10:10.004609,19,20
2026-06-21 05:10:09,mediboard,전북특별자치도,0,0,E2500021,순창군보건의료원,2507,D,25,8,9,54219813,1,1,25,2026-06-21T05:10:10.004609,9,10
2026-06-21 05:10:09,mediboard,전북특별자치도,3,3,A2500001,원광대학교병원,2509,A,25,5,28,54220115,5,5,25,2026-06-21T05:10:10.004609,13,36
2026-06-21 05:10:09,mediboard,전북특별자치도,0,0,A2500011,의료법인대산의료재단익산병원,2509,C,25,15,17,54219908,3,3,25,2026-06-21T05:10:10.004609,18,20
2026-06-21 05:10:09,mediboard,전북특별자치도,0,0,A2500009,의료법인석천재단고창병원,2501,D,25,10,10,54220069,1,1,25,2026-06-21T05:10:10.004609,11,11
2026-06-21 05:10:09,mediboard,전북특별자치도,0,0,A2500005,의료법인영경의료재단전주병원,2513,C,25,12,17,54219959,3,3,25,2026-06-21T05:10:10.004609,15,20
2026-06-21 05:10:09,mediboard,전북특별자치도,0,0,A2501890,의료법인영경의료재단호성전주병원,2512,D,25,5,9,54219849,1,1,25,2026-06-21T05:10:10.004609,6,10
2026-06-21 05:10:09,mediboard,전북특별자치도,0,0,A2500012,의료법인오성의료재단동군산병원,2502,C,25,7,17,54220116,6,6,25,2026-06-21T05:10:10.004609,13,23
2026-06-21 05:10:09,mediboard,전북특별자치도,0,0,E2500022,임실군보건의료원,2510,D,25,3,4,54220084,1,1,25,2026-06-21T05:10:10.004609,4,5
2026-06-21 05:10:09,mediboard,전북특별자치도,0,0,E2500020,장수군보건의료원,2511,D,25,5,5,54219924,1,1,25,2026-06-21T05:10:10.004609,6,6
2026-06-21 05:10:09,mediboard,전북특별자치도,0,0,A2500008,재단법인 아산사회복지재단 정읍아산병원,2514,C,25,14,17,54219797,3,3,25,2026-06-21T05:10:10.004609,17,20
2026-06-21 05:10:09,mediboard,전북특별자치도,5,12,A2500006,재단법인예수병원유지재단예수병원,2513,C,25,24,38,54219796,3,5,25,2026-06-21T05:10:10.004609,30,53
2026-06-21 05:10:09,mediboard,전북특별자치도,4,5,A2500002,전북대학교병원,2512,A,25,21,36,54220016,7,7,25,2026-06-21T05:10:10.004609,32,48
2026-06-21 05:10:09,mediboard,전북특별자치도,0,0,A2500007,전북특별자치도군산의료원,2502,C,25,10,17,54219960,3,3,25,2026-06-21T05:10:10.004609,13,20
2026-06-21 05:10:09,mediboard,전북특별자치도,0,0,A2500004,전북특별자치도남원의료원,2504,C,25,17,17,54219958,3,3,25,2026-06-21T05:10:10.004609,20,20
2026-06-21 05:10:09,mediboard,전북특별자치도,0,0,A2502031,진안군의료원,2515,D,25,6,6,54220018,2,2,25,2026-06-21T05:10:10.004609,8,8
2026-06-21 05:10:09,mediboard,전라남도,0,0,A2600029,곡성사랑병원,2603,D,26,4,5,54220020,1,1,26,2026-06-21T05:10:10.004609,5,6
2026-06-21 05:10:09,mediboard,전라남도,0,0,A2600006,광양사랑병원,2604,D,26,8,9,54219751,1,1,26,2026-06-21T05:10:10.004609,9,10
2026-06-21 05:10:09,mediboard,전라남도,0,0,A2600061,구례병원,2605,D,26,10,10,54220072,0,0,26,2026-06-21T05:10:10.004609,10,10
2026-06-21 05:10:09,mediboard,전라남도,0,0,A2600016,나주종합병원,2606,D,26,10,10,54219962,0,0,26,2026-06-21T05:10:10.004609,10,10
2026-06-21 05:10:09,mediboard,전라남도,0,0,A2600054,담양사랑병원,2607,D,26,6,6,54219966,2,2,26,2026-06-21T05:10:10.004609,8,8
2026-06-21 05:10:09,mediboard,전라남도,0,0,A2600003,대송의료재단무안병원,2609,D,26,4,4,54220070,1,1,26,2026-06-21T05:10:10.004609,5,5
2026-06-21 05:10:09,mediboard,전라남도,0,0,A2600020,목포기독병원,2608,D,26,14,17,54219799,3,3,26,2026-06-21T05:10:10.004609,17,20
2026-06-21 05:10:09,mediboard,전라남도,0,0,A2600022,목포시의료원,2608,D,26,9,9,54220121,1,1,26,2026-06-21T05:10:10.004609,10,10
2026-06-21 05:10:09,mediboard,전라남도,3,3,A2600011,목포한국병원,2608,A,26,15,18,54219910,5,5,26,2026-06-21T05:10:10.004609,23,26
2026-06-21 05:10:09,mediboard,전라남도,0,0,A2600052,보성아산병원,2610,D,26,8,8,54220125,1,1,26,2026-06-21T05:10:10.004609,9,9
2026-06-21 05:10:09,mediboard,전라남도,0,0,A2602211,빛가람종합병원,2606,D,26,6,9,54219853,1,1,26,2026-06-21T05:10:10.004609,7,10
2026-06-21 05:10:09,mediboard,전라남도,3,4,A2600019,성가롤로병원,2611,A,26,11,18,54219963,5,5,26,2026-06-21T05:10:10.004609,19,27
2026-06-21 05:10:09,mediboard,전라남도,0,0,A2600008,순천제일병원,2611,D,26,8,9,54220019,1,1,26,2026-06-21T05:10:10.004609,9,10
2026-06-21 05:10:09,mediboard,전라남도,0,0,A2600004,순천중앙병원,2611,D,26,5,5,54219961,1,1,26,2026-06-21T05:10:10.004609,6,6
2026-06-21 05:10:09,mediboard,전라남도,0,0,A2600010,여수전남병원,2613,D,26,10,10,54220119,1,1,26,2026-06-21T05:10:10.004609,11,11
2026-06-21 05:10:09,mediboard,전라남도,0,0,A2600014,여천전남병원,2613,C,26,14,17,54219798,3,3,26,2026-06-21T05:10:10.004609,17,20
2026-06-21 05:10:09,mediboard,전라남도,0,0,A2600015,영광종합병원,2614,D,26,8,10,54220071,3,3,26,2026-06-21T05:10:10.004609,11,13
2026-06-21 05:10:09,mediboard,전라남도,0,0,A2600070,영암한국병원,2615,D,26,8,8,54220073,0,1,26,2026-06-21T05:10:10.004609,8,9
2026-06-21 05:10:09,mediboard,전라남도,0,0,A2600032,완도대성병원,2616,D,26,2,5,54219912,1,1,26,2026-06-21T05:10:10.004609,3,6
2026-06-21 05:10:09,mediboard,전라남도,0,0,A2600034,의료법인 거명의료재단 영광기독병원,2614,D,26,10,10,54219965,1,1,26,2026-06-21T05:10:10.004609,11,11
2026-06-21 05:10:09,mediboard,전라남도,0,0,A2600017,의료법인목포구암의료재단목포중앙병원,2608,C,26,15,16,54219851,4,4,26,2026-06-21T05:10:10.004609,19,20
2026-06-21 05:10:09,mediboard,전라남도,0,0,A2600066,의료법인삼호의료재단벌교삼호병원,2610,D,26,6,6,54219801,1,1,26,2026-06-21T05:10:10.004609,7,7
2026-06-21 05:10:09,mediboard,전라남도,0,0,A2600051,의료법인신안대우병원,2612,D,26,4,4,54220124,1,1,26,2026-06-21T05:10:10.004609,5,5
2026-06-21 05:10:09,mediboard,전라남도,0,0,A2600018,의료법인영성의료재단고흥종합병원,2602,D,26,9,10,54219911,0,0,26,2026-06-21T05:10:10.004609,9,10
2026-06-21 05:10:09,mediboard,전라남도,0,0,A2600021,의료법인우범의료재단장흥종합병원,2618,D,26,8,9,54220120,1,1,26,2026-06-21T05:10:10.004609,9,10
2026-06-21 05:10:09,mediboard,전라남도,0,0,A2600068,의료법인장호의료재단녹동현대병원,2602,D,26,2,3,54219967,2,2,26,2026-06-21T05:10:10.004609,4,5
2026-06-21 05:10:09,mediboard,전라남도,0,0,A2600005,의료법인한국의료재단한국병원,2611,D,26,9,11,54219750,1,1,26,2026-06-21T05:10:10.004609,10,12
2026-06-21 05:10:09,mediboard,전라남도,0,0,A2600027,의료법인한마음의료재단여수제일병원,2613,D,26,8,9,54219964,1,1,26,2026-06-21T05:10:10.004609,9,10
2026-06-21 05:10:09,mediboard,전라남도,0,0,A2600007,의료법인해민의료재단 세안종합병원,2608,D,26,6,7,54219752,2,2,26,2026-06-21T05:10:10.004609,8,9
2026-06-21 05:10:09,mediboard,전라남도,0,0,A2600035,의료법인행복나눔의료재단장성병원,2617,D,26,4,4,54219852,1,1,26,2026-06-21T05:10:10.004609,5,5
2026-06-21 05:10:09,mediboard,전라남도,0,0,A2600009,의료법인행촌의료재단해남종합병원,2621,D,26,10,10,54220118,1,1,26,2026-06-21T05:10:10.004609,11,11
2026-06-21 05:10:09,mediboard,전라남도,0,0,A2600024,의료법인현경의료재단광양서울병원,2604,D,26,9,9,54220122,1,1,26,2026-06-21T05:10:10.004609,10,10
2026-06-21 05:10:09,mediboard,전라남도,0,0,A2600037,장흥우리병원,2618,D,26,4,4,54219800,1,1,26,2026-06-21T05:10:10.004609,5,5
2026-06-21 05:10:09,mediboard,전라남도,0,0,A2600050,전라남도강진의료원,2601,D,26,7,9,54220021,1,1,26,2026-06-21T05:10:10.004609,8,10
2026-06-21 05:10:09,mediboard,전라남도,0,0,A2600056,전라남도순천의료원,2611,D,26,6,6,54220126,2,2,26,2026-06-21T05:10:10.004609,8,8
2026-06-21 05:10:09,mediboard,전라남도,0,0,A2600040,진도한국병원,2619,D,26,4,4,54220123,1,1,26,2026-06-21T05:10:10.004609,5,5
2026-06-21 05:10:09,mediboard,전라남도,0,0,A2600077,해남우리종합병원,2621,D,26,14,15,54219802,4,4,26,2026-06-21T05:10:10.004609,18,19
2026-06-21 05:10:09,mediboard,전라남도,1,1,A2600001,화순전남대학교병원,2622,C,26,13,16,54219850,7,7,26,2026-06-21T05:10:10.004609,21,24
2026-06-21 05:10:09,mediboard,경상북도,0,0,A2700018,경상북도김천의료원,2706,D,27,12,17,54219973,1,1,27,2026-06-21T05:10:10.004609,13,18
2026-06-21 05:10:09,mediboard,경상북도,0,0,A2700001,경상북도안동의료원,2711,D,27,6,6,54219753,2,2,27,2026-06-21T05:10:10.004609,8,8
2026-06-21 05:10:09,mediboard,경상북도,0,0,A2700005,경상북도포항의료원,2724,D,27,8,8,54219968,2,2,27,2026-06-21T05:10:10.004609,10,10
2026-06-21 05:10:09,mediboard,경상북도,0,0,A2700097,계명대학교경주동산병원,2702,D,27,8,9,54220022,1,1,27,2026-06-21T05:10:10.004609,9,10
2026-06-21 05:10:09,mediboard,경상북도,0,0,A2700015,구미강동병원,2704,D,27,6,7,54219972,3,3,27,2026-06-21T05:10:10.004609,9,10
2026-06-21 05:10:09,mediboard,경상북도,2,3,A2700003,동국대학교의과대학경주병원,2702,C,27,12,16,54220074,7,7,27,2026-06-21T05:10:10.004609,21,26
2026-06-21 05:10:09,mediboard,경상북도,0,0,A2700011,상주적십자병원,2709,D,27,9,9,54220127,1,1,27,2026-06-21T05:10:10.004609,10,10
2026-06-21 05:10:09,mediboard,경상북도,3,4,A2700013,순천향대학교부속구미병원,2704,C,27,12,13,54219856,3,3,27,2026-06-21T05:10:10.004609,18,20
2026-06-21 05:10:09,mediboard,경상북도,0,0,A2700004,안동성소병원,2711,C,27,12,12,54219754,8,8,27,2026-06-21T05:10:10.004609,20,20
2026-06-21 05:10:09,mediboard,경상북도,0,0,A2700008,에스포항병원,2723,D,27,5,6,54219970,1,1,27,2026-06-21T05:10:10.004609,6,7
2026-06-21 05:10:09,mediboard,경상북도,0,0,A2700017,영남대학교의과대학부속영천병원,2715,D,27,8,10,54219914,3,3,27,2026-06-21T05:10:10.004609,11,13
2026-06-21 05:10:09,mediboard,경상북도,0,0,A2700031,영주기독병원,2714,D,27,4,4,54219804,1,1,27,2026-06-21T05:10:10.004609,5,5
2026-06-21 05:10:09,mediboard,경상북도,0,0,A2700020,영주자인병원,2714,D,27,4,4,54219915,1,1,27,2026-06-21T05:10:10.004609,5,5
2026-06-21 05:10:09,mediboard,경상북도,0,0,A2702752,영주적십자병원,2714,D,27,10,10,54219858,1,1,27,2026-06-21T05:10:10.004609,11,11
2026-06-21 05:10:09,mediboard,경상북도,0,0,E2700553,울릉군보건의료원,2717,D,27,4,5,54219760,0,0,27,2026-06-21T05:10:10.004609,4,5
2026-06-21 05:10:09,mediboard,경상북도,0,0,A2700052,울진군의료원,2718,D,27,8,8,54219806,2,2,27,2026-06-21T05:10:10.004609,10,10
2026-06-21 05:10:09,mediboard,경상북도,0,0,A2700019,의)근원의료재단경산중앙병원,2701,D,27,7,10,54219803,2,2,27,2026-06-21T05:10:10.004609,9,12
2026-06-21 05:10:09,mediboard,경상북도,0,0,A2700038,의료법인대남의료재단청도대남병원,2720,D,27,10,10,54220128,0,0,27,2026-06-21T05:10:10.004609,10,10
2026-06-21 05:10:09,mediboard,경상북도,0,0,A2700012,의료법인덕산의료재단김천제일병원,2706,C,27,15,16,54219971,4,4,27,2026-06-21T05:10:10.004609,19,20
2026-06-21 05:10:09,mediboard,경상북도,0,0,A2700006,의료법인동춘의료재단문경제일병원,2707,C,27,17,17,54219969,1,3,27,2026-06-21T05:10:10.004609,18,20
2026-06-21 05:10:09,mediboard,경상북도,0,0,A2700009,의료법인삼백의료재단상주성모병원,2709,D,27,9,9,54220075,1,1,27,2026-06-21T05:10:10.004609,10,10
2026-06-21 05:10:09,mediboard,경상북도,0,0,A2700036,의료법인서명의료재단세명종합병원,2701,D,27,10,13,54219805,2,2,27,2026-06-21T05:10:10.004609,12,15
2026-06-21 05:10:09,mediboard,경상북도,0,0,A2700023,의료법인서준의료재단예천권병원,2716,D,27,6,6,54219857,1,1,27,2026-06-21T05:10:10.004609,7,7
2026-06-21 05:10:09,mediboard,경상북도,2,3,A2700014,의료법인안동병원,2711,A,27,13,17,54219755,5,5,27,2026-06-21T05:10:10.004609,20,25
2026-06-21 05:10:09,mediboard,경상북도,0,0,A2700070,의료법인영암의료재단고령영생병원,2703,D,27,5,5,54219917,1,1,27,2026-06-21T05:10:10.004609,6,6
2026-06-21 05:10:09,mediboard,경상북도,0,0,A2700063,의료법인영제의료재단영남제일병원,2719,D,27,4,5,54219916,1,1,27,2026-06-21T05:10:10.004609,5,6
2026-06-21 05:10:09,mediboard,경상북도,0,0,A2702563,의료법인은성의료재단좋은선린병원,2724,D,27,10,10,54219918,2,2,27,2026-06-21T05:10:10.004609,12,12
2026-06-21 05:10:09,mediboard,경상북도,4,5,A2700007,차의과학대학교부속구미차병원,2704,A,27,15,20,54219855,6,12,27,2026-06-21T05:10:10.004609,25,37
2026-06-21 05:10:09,mediboard,경상북도,0,0,E2700554,청송군보건의료원,2721,D,27,5,5,54219982,1,1,27,2026-06-21T05:10:10.004609,6,6
2026-06-21 05:10:09,mediboard,경상북도,11,11,A2700016,포항성모병원,2723,A,27,13,20,54219913,5,15,27,2026-06-21T05:10:10.004609,29,46
2026-06-21 05:10:09,mediboard,경상북도,0,0,A2700002,포항세명기독병원,2723,C,27,14,15,54219854,10,10,27,2026-06-21T05:10:10.004609,24,25
2026-06-21 05:10:09,mediboard,경상남도,0,0,A2800032,강병원,2803,D,28,9,9,54220025,1,1,28,2026-06-21T05:10:10.004609,10,10
2026-06-21 05:10:09,mediboard,경상남도,0,0,A2803677,강일병원,2804,D,28,7,8,54219863,3,3,28,2026-06-21T05:10:10.004609,10,11
2026-06-21 05:10:09,mediboard,경상남도,0,0,A2800076,거창적십자병원,2802,D,28,8,9,54220028,1,1,28,2026-06-21T05:10:10.004609,9,10
2026-06-21 05:10:09,mediboard,경상남도,3,3,A2800001,경상국립대학교병원,2811,A,28,19,30,54220076,5,5,28,2026-06-21T05:10:10.004609,27,38
2026-06-21 05:10:09,mediboard,경상남도,0,0,A2800025,경상남도마산의료원,2813,D,28,13,13,54219861,2,2,28,2026-06-21T05:10:10.004609,15,15
2026-06-21 05:10:09,mediboard,경상남도,0,0,A2800113,밀양병원,2806,D,28,7,8,54220081,1,1,28,2026-06-21T05:10:10.004609,8,9
2026-06-21 05:10:09,mediboard,경상남도,0,0,A2800084,반도병원,2811,D,28,6,7,54219979,1,1,28,2026-06-21T05:10:10.004609,7,8
2026-06-21 05:10:09,mediboard,경상남도,0,0,A2800019,베데스다복음병원,2809,D,28,9,9,54220078,1,1,28,2026-06-21T05:10:10.004609,10,10
2026-06-21 05:10:09,mediboard,경상남도,0,0,E2800380,산청군보건의료원,2808,D,28,5,5,54219867,1,1,28,2026-06-21T05:10:10.004609,6,6
2026-06-21 05:10:09,mediboard,경상남도,0,0,A2800055,삼성합천병원,2822,D,28,4,4,54220026,1,1,28,2026-06-21T05:10:10.004609,5,5
2026-06-21 05:10:09,mediboard,경상남도,0,0,A2800101,삼천포제일병원,2807,D,28,8,8,54219862,2,2,28,2026-06-21T05:10:10.004609,10,10
2026-06-21 05:10:09,mediboard,경상남도,0,0,A2800092,새통영병원,2818,D,28,9,9,54219809,1,1,28,2026-06-21T05:10:10.004609,10,10
2026-06-21 05:10:09,mediboard,경상남도,3,10,A2800011,양산부산대학교병원,2809,A,28,10,23,54219919,7,8,28,2026-06-21T05:10:10.004609,18,39
2026-06-21 05:10:09,mediboard,경상남도,0,0,A2804593,양산성모병원,2809,D,28,13,13,54219864,1,1,28,2026-06-21T05:10:10.004609,14,14
2026-06-21 05:10:09,mediboard,경상남도,0,0,A2800021,연세에스병원,2817,D,28,8,9,54219808,1,1,28,2026-06-21T05:10:10.004609,9,10
2026-06-21 05:10:09,mediboard,경상남도,0,0,A2800090,의령병원,2810,D,28,4,4,54219921,1,1,28,2026-06-21T05:10:10.004609,5,5
2026-06-21 05:10:09,mediboard,경상남도,0,0,A2800008,의료법인 거붕 백병원,2801,D,28,9,9,54219975,1,1,28,2026-06-21T05:10:10.004609,10,10
2026-06-21 05:10:09,mediboard,경상남도,0,0,A2800005,의료법인 대우의료재단대우병원,2801,D,28,8,9,54219756,1,1,28,2026-06-21T05:10:10.004609,9,10
2026-06-21 05:10:09,mediboard,경상남도,0,0,A2800015,의료법인 문병욱의료재단 진주고려병원,2811,D,28,8,10,54220077,1,1,28,2026-06-21T05:10:10.004609,9,11
2026-06-21 05:10:09,mediboard,경상남도,0,0,A2800022,의료법인 성념의료재단맑은샘병원,2801,D,28,8,9,54220129,1,1,28,2026-06-21T05:10:10.004609,9,10
2026-06-21 05:10:09,mediboard,경상남도,0,0,A2800094,의료법인 이도의료재단 남해병원,2805,D,28,7,8,54219922,2,2,28,2026-06-21T05:10:10.004609,9,10
2026-06-21 05:10:09,mediboard,경상남도,0,0,A2800014,의료법인갑을의료재단 갑을장유병원,2804,D,28,6,9,54219977,1,1,28,2026-06-21T05:10:10.004609,7,10
2026-06-21 05:10:09,mediboard,경상남도,0,0,A2800006,의료법인숭인의료재단 김해복음병원,2804,C,28,15,16,54220023,4,4,28,2026-06-21T05:10:10.004609,19,20
2026-06-21 05:10:09,mediboard,경상남도,0,0,A2800068,의료법인승연의료재단 삼천포서울병원,2807,D,28,9,9,54220027,1,1,28,2026-06-21T05:10:10.004609,10,10
2026-06-21 05:10:09,mediboard,경상남도,0,0,A2800009,의료법인청아의료재단청아병원,2814,D,28,9,9,54219976,1,1,28,2026-06-21T05:10:10.004609,10,10
2026-06-21 05:10:09,mediboard,경상남도,0,0,A2800017,의료법인합포의료재단에스엠지연세병원,2813,C,28,15,17,54219920,3,3,28,2026-06-21T05:10:10.004609,18,20
2026-06-21 05:10:09,mediboard,경상남도,0,0,A2800010,의료법인환명의료재단 조은금강병원,2804,C,28,15,17,54219860,3,3,28,2026-06-21T05:10:10.004609,18,20
2026-06-21 05:10:09,mediboard,경상남도,0,0,A2800003,제일병원,2811,C,28,15,17,54219859,3,3,28,2026-06-21T05:10:10.004609,18,20
2026-06-21 05:10:09,mediboard,경상남도,0,0,A2800037,진주복음병원,2811,D,28,9,9,54219757,1,1,28,2026-06-21T05:10:10.004609,10,10
2026-06-21 05:10:09,mediboard,경상남도,0,0,A2803505,창원경상국립대학교병원,2815,C,28,13,18,54219810,3,10,28,2026-06-21T05:10:10.004609,16,28
2026-06-21 05:10:09,mediboard,경상남도,0,0,A2800004,창원파티마병원,2816,C,28,12,17,54219974,3,3,28,2026-06-21T05:10:10.004609,15,20
2026-06-21 05:10:09,mediboard,경상남도,0,0,A2800007,창원한마음병원,2816,C,28,17,21,54220024,4,4,28,2026-06-21T05:10:10.004609,21,25
2026-06-21 05:10:09,mediboard,경상남도,0,0,A2800062,태황의료재단한성병원,2812,D,28,8,9,54220080,1,1,28,2026-06-21T05:10:10.004609,9,10
2026-06-21 05:10:09,mediboard,경상남도,3,3,A2800020,학교법인성균관대학삼성창원병원,2814,A,28,13,18,54219807,5,5,28,2026-06-21T05:10:10.004609,21,26
2026-06-21 05:10:09,mediboard,경상남도,0,0,A2800043,한일병원,2811,C,28,16,17,54220079,3,3,28,2026-06-21T05:10:10.004609,19,20
2026-06-21 05:10:09,mediboard,경상남도,0,0,A2800080,함양성심병원,2821,D,28,4,4,54219978,1,1,28,2026-06-21T05:10:10.004609,5,5
2026-06-21 05:10:09,mediboard,제주특별자치도,0,0,A2900003,의료법인 혜인의료재단 한국병원,2902,D,29,5,9,54220029,1,1,29,2026-06-21T05:10:10.004609,6,10
2026-06-21 05:10:09,mediboard,제주특별자치도,1,1,A2900006,의료법인중앙의료재단중앙병원,2902,C,29,9,16,54219865,3,3,29,2026-06-21T05:10:10.004609,13,20
2026-06-21 05:10:09,mediboard,제주특별자치도,0,0,A2900007,제주대학교병원,2902,C,29,11,20,54219980,3,6,29,2026-06-21T05:10:10.004609,14,26
2026-06-21 05:10:09,mediboard,제주특별자치도,3,4,A2900002,제주특별자치도서귀포의료원,2901,C,29,15,16,54219811,5,5,29,2026-06-21T05:10:10.004609,23,25
2026-06-21 05:10:09,mediboard,제주특별자치도,3,3,A2900001,제주한라병원,2902,A,29,14,17,54220130,5,5,29,2026-06-21T05:10:10.004609,22,25
2026-06-21 05:10:09,mediboard,제주특별자치도,0,0,A2900005,한마음병원,2902,C,29,9,17,54220082,3,3,29,2026-06-21T05:10:10.004609,12,20
2026-06-21 06:59:03,mediboard,서울특별시,0,0,A1100011,가톨릭대학교여의도성모병원,1120,C,11,13,15,54228648,5,5,11,2026-06-21T06:55:10.004172,18,20
2026-06-21 06:59:03,mediboard,서울특별시,8,8,A1121013,가톨릭대학교은평성모병원,1122,C,11,19,24,54228869,4,4,11,2026-06-21T06:55:10.004172,31,36
2026-06-21 06:59:03,mediboard,서울특별시,3,3,A1100043,강동경희대학교병원,1102,A,11,12,15,54228542,3,5,11,2026-06-21T06:55:10.004172,18,23
2026-06-21 06:59:03,mediboard,서울특별시,2,2,A1100006,강북삼성병원,1123,C,11,4,15,54228863,3,3,11,2026-06-21T06:55:10.004172,9,20
2026-06-21 06:59:03,mediboard,서울특별시,3,4,A1100002,건국대학교병원,1106,C,11,9,20,54228761,3,3,11,2026-06-21T06:55:10.004172,15,27
2026-06-21 06:59:03,mediboard,서울특별시,0,0,A1100039,경찰병원,1118,D,11,2,3,54228766,2,2,11,2026-06-21T06:55:10.004172,4,5
2026-06-21 06:59:03,mediboard,서울특별시,3,3,A1100001,경희대학교병원,1111,C,11,13,15,54228703,5,5,11,2026-06-21T06:55:10.004172,21,23
2026-06-21 06:59:03,mediboard,서울특별시,2,3,A1100014,고려대학교의과대학부속구로병원,1107,A,11,22,29,54228649,4,5,11,2026-06-21T06:55:10.004172,28,37
2026-06-21 06:59:03,mediboard,서울특별시,0,0,A1100026,구로성심병원,1107,D,11,7,9,54228866,1,1,11,2026-06-21T06:55:10.004172,8,10
2026-06-21 06:59:03,mediboard,서울특별시,3,3,A1100052,국립중앙의료원,1124,C,11,17,17,54228813,10,10,11,2026-06-21T06:55:10.004172,30,30
2026-06-21 06:59:03,mediboard,서울특별시,0,0,A1122033,기쁨병원,1115,D,11,3,4,54228496,1,1,11,2026-06-21T06:55:10.004172,4,5
2026-06-21 06:59:03,mediboard,서울특별시,0,0,A1100048,노원을지대학교병원,1109,C,11,14,17,54228494,5,5,11,2026-06-21T06:55:10.004172,19,22
2026-06-21 06:59:03,mediboard,서울특별시,0,0,A1100044,녹색병원,1125,D,11,0,5,54228812,5,5,11,2026-06-21T06:55:10.004172,5,10
2026-06-21 06:59:03,mediboard,서울특별시,0,0,A1100037,대림성모병원,1120,D,11,8,8,54228652,2,2,11,2026-06-21T06:55:10.004172,10,10
2026-06-21 06:59:03,mediboard,서울특별시,0,0,A1100024,명지성모병원,1120,D,11,8,8,54228492,2,2,11,2026-06-21T06:55:10.004172,10,10
2026-06-21 06:59:03,mediboard,서울특별시,0,0,A1100036,부민병원,1104,D,11,10,10,54228867,1,1,11,2026-06-21T06:55:10.004172,11,11
2026-06-21 06:59:03,mediboard,서울특별시,2,4,A1100010,삼성서울병원,1101,C,11,2,52,54228762,4,4,11,2026-06-21T06:55:10.004172,8,60
2026-06-21 06:59:03,mediboard,서울특별시,0,0,A1100021,삼육서울병원,1111,C,11,10,13,54228763,6,7,11,2026-06-21T06:55:10.004172,16,20
2026-06-21 06:59:03,mediboard,서울특별시,11,12,A1100017,서울대학교병원,1123,A,11,-6,24,54228491,8,8,11,2026-06-21T06:55:10.004172,11,42
2026-06-21 06:59:03,mediboard,서울특별시,0,0,A1100050,서울성심병원,1111,D,11,14,17,54228767,3,3,11,2026-06-21T06:55:10.004172,17,20
2026-06-21 06:59:03,mediboard,서울특별시,0,0,A1100029,서울적십자병원,1123,D,11,9,10,54228593,1,1,11,2026-06-21T06:55:10.004172,10,11
2026-06-21 06:59:03,mediboard,서울특별시,0,0,A1100022,서울특별시동부병원,1111,D,11,7,8,54228539,2,2,11,2026-06-21T06:55:10.004172,9,10
2026-06-21 06:59:03,mediboard,서울특별시,3,3,A1100040,서울특별시보라매병원,1112,C,11,17,31,54228594,3,3,11,2026-06-21T06:55:10.004172,23,37
2026-06-21 06:59:03,mediboard,서울특별시,0,0,A1100223,서울특별시서남병원,1119,D,11,6,6,54228543,2,2,11,2026-06-21T06:55:10.004172,8,8
2026-06-21 06:59:03,mediboard,서울특별시,3,3,A1100035,서울특별시서울의료원,1125,A,11,10,19,54228765,5,5,11,2026-06-21T06:55:10.004172,18,27
2026-06-21 06:59:03,mediboard,서울특별시,0,0,A1100028,성심의료재단강동성심병원,1102,C,11,12,15,54228764,9,9,11,2026-06-21T06:55:10.004172,21,24
2026-06-21 06:59:03,mediboard,서울특별시,0,0,A1100054,성애의료재단성애병원,1120,C,11,11,15,54228814,5,11,11,2026-06-21T06:55:10.004172,16,26
2026-06-21 06:59:03,mediboard,서울특별시,0,0,A1100032,세란병원,1123,D,11,9,10,54228651,1,1,11,2026-06-21T06:55:10.004172,10,11
2026-06-21 06:59:03,mediboard,서울특별시,4,4,A1100004,순천향대학교부속서울병원,1121,C,11,17,20,54228647,3,3,11,2026-06-21T06:55:10.004172,24,27
2026-06-21 06:59:03,mediboard,서울특별시,0,0,A1100045,씨엠병원,1120,D,11,10,10,54228707,0,0,11,2026-06-21T06:55:10.004172,10,10
2026-06-21 06:59:03,mediboard,서울특별시,2,2,A1100015,연세대학교의과대학강남세브란스병원,1101,C,11,10,21,54228865,2,3,11,2026-06-21T06:55:10.004172,14,26
2026-06-21 06:59:03,mediboard,서울특별시,6,10,A1100007,연세대학교의과대학세브란스병원,1114,C,11,18,39,54228809,6,6,11,2026-06-21T06:55:10.004172,28,53
2026-06-21 06:59:03,mediboard,서울특별시,0,0,A1100025,의료법인동신의료재단동신병원,1114,D,11,6,9,54228811,1,1,11,2026-06-21T06:55:10.004172,7,10
2026-06-21 06:59:03,mediboard,서울특별시,0,0,A1100041,의료법인서울효천의료재단에이치플러스양지병원,1105,C,11,13,18,54228541,3,3,11,2026-06-21T06:55:10.004172,16,21
2026-06-21 06:59:03,mediboard,서울특별시,0,0,A1100023,의료법인청구성심병원,1122,D,11,9,10,54228540,1,1,11,2026-06-21T06:55:10.004172,10,11
2026-06-21 06:59:03,mediboard,서울특별시,0,0,A1100075,의료법인풍산의료재단동부제일병원,1125,D,11,7,7,54228495,1,1,11,2026-06-21T06:55:10.004172,8,8
2026-06-21 06:59:03,mediboard,서울특별시,2,2,A1100020,의료법인한전의료재단한일병원,1110,C,11,13,21,54228706,4,4,11,2026-06-21T06:55:10.004172,19,27
2026-06-21 06:59:03,mediboard,서울특별시,8,8,A1100005,이화여자대학교의과대학부속목동병원,1119,A,11,18,19,54228808,6,6,11,2026-06-21T06:55:10.004172,32,33
2026-06-21 06:59:03,mediboard,서울특별시,0,9,A1120796,이화여자대학교의과대학부속서울병원,1104,C,11,9,14,54228768,5,6,11,2026-06-21T06:55:10.004172,14,29
2026-06-21 06:59:03,mediboard,서울특별시,0,0,A1100016,인제대학교상계백병원,1109,C,11,15,16,54228810,7,7,11,2026-06-21T06:55:10.004172,22,23
2026-06-21 06:59:03,mediboard,서울특별시,9,14,A1100009,재단법인아산사회복지재단서울아산병원,1118,C,11,16,36,54228705,20,26,11,2026-06-21T06:55:10.004172,42,73
2026-06-21 06:59:03,mediboard,서울특별시,4,4,A1100003,중앙대학교병원,1112,C,11,12,18,54228646,0,0,11,2026-06-21T06:55:10.004172,16,22
2026-06-21 06:59:03,mediboard,서울특별시,6,9,A1100012,학교법인가톨릭학원가톨릭대학교서울성모병원,1115,C,11,8,28,54228592,6,8,11,2026-06-21T06:55:10.004172,19,43
2026-06-21 06:59:03,mediboard,서울특별시,4,4,A1100008,학교법인고려중앙학원고려대학교의과대학부속병원(안암병원),1117,A,11,26,30,54228704,6,9,11,2026-06-21T06:55:10.004172,36,43
2026-06-21 06:59:03,mediboard,서울특별시,0,0,A1100053,한국보훈복지의료공단중앙보훈병원,1102,C,11,20,22,54228653,3,3,11,2026-06-21T06:55:10.004172,23,25
2026-06-21 06:59:03,mediboard,서울특별시,0,0,A1100027,한국원자력의학원원자력병원,1109,D,11,9,9,54228493,3,3,11,2026-06-21T06:55:10.004172,12,12
2026-06-21 06:59:03,mediboard,서울특별시,3,3,A1100055,한림대학교강남성심병원,1120,C,11,15,20,54228709,5,5,11,2026-06-21T06:55:10.004172,23,28
2026-06-21 06:59:03,mediboard,서울특별시,3,3,A1100013,한양대학교병원,1116,A,11,16,20,54228864,10,12,11,2026-06-21T06:55:10.004172,29,35
2026-06-21 06:59:03,mediboard,서울특별시,0,0,A1100051,혜민병원,1106,D,11,9,9,54228708,1,1,11,2026-06-21T06:55:10.004172,10,10
2026-06-21 06:59:03,mediboard,서울특별시,0,0,A1100019,홍익병원,1119,D,11,4,9,54228650,1,1,11,2026-06-21T06:55:10.004172,5,10
2026-06-21 06:59:03,mediboard,서울특별시,0,0,A1100049,희명병원,1108,D,11,10,10,54228868,1,1,11,2026-06-21T06:55:10.004172,11,11
2026-06-21 06:59:03,mediboard,부산광역시,0,0,A1200028,(의)서일의료재단기장병원,1203,D,12,8,9,54228770,1,1,12,2026-06-21T06:55:10.004172,9,10
2026-06-21 06:59:03,mediboard,부산광역시,0,0,A1200004,고신대학교복음병원,1211,C,12,17,25,54228544,5,5,12,2026-06-21T06:55:10.004172,22,30
2026-06-21 06:59:03,mediboard,부산광역시,0,0,A1200045,구포성심병원,1208,D,12,8,9,54228599,1,1,12,2026-06-21T06:55:10.004172,9,10
2026-06-21 06:59:03,mediboard,부산광역시,3,3,A1200018,대동병원,1206,C,12,13,15,54228656,3,3,12,2026-06-21T06:55:10.004172,19,21
2026-06-21 06:59:03,mediboard,부산광역시,0,0,A1200015,동남권원자력의학원원자력병원,1203,D,12,8,9,54228713,1,1,12,2026-06-21T06:55:10.004172,9,10
2026-06-21 06:59:03,mediboard,부산광역시,0,0,A1200011,동래봉생병원,1206,D,12,7,8,54228817,2,2,12,2026-06-21T06:55:10.004172,9,10
2026-06-21 06:59:03,mediboard,부산광역시,3,3,A1200003,동아대학교병원,1211,A,12,16,19,54228870,5,5,12,2026-06-21T06:55:10.004172,24,27
2026-06-21 06:59:03,mediboard,부산광역시,0,0,A1200024,부산광역시의료원,1213,D,12,18,18,54228819,2,8,12,2026-06-21T06:55:10.004172,20,26
2026-06-21 06:59:03,mediboard,부산광역시,3,3,A1200002,부산대학교병원,1211,C,12,15,19,54228497,2,3,12,2026-06-21T06:55:10.004172,20,25
2026-06-21 06:59:03,mediboard,부산광역시,4,4,A1200013,부산성모병원(재단법인 천주교부산교구유지재단),1204,D,12,6,10,54228712,5,5,12,2026-06-21T06:55:10.004172,15,19
2026-06-21 06:59:03,mediboard,부산광역시,0,0,A1200007,비에이치에스한서병원,1212,C,12,12,17,54228711,3,3,12,2026-06-21T06:55:10.004172,15,20
2026-06-21 06:59:03,mediboard,부산광역시,0,0,A1200021,삼육부산병원,1211,D,12,2,9,54228597,1,1,12,2026-06-21T06:55:10.004172,3,10
2026-06-21 06:59:03,mediboard,부산광역시,0,0,A1200014,영도병원,1214,D,12,7,7,54228596,2,2,12,2026-06-21T06:55:10.004172,9,9
2026-06-21 06:59:03,mediboard,부산광역시,0,0,A1200009,의료법인 광혜의료재단 광혜병원,1206,D,12,9,9,54228816,3,3,12,2026-06-21T06:55:10.004172,12,12
2026-06-21 06:59:03,mediboard,부산광역시,0,0,A1200098,의료법인 센텀의료재단 센텀종합병원,1212,D,12,7,9,54228714,1,1,12,2026-06-21T06:55:10.004172,8,10
2026-06-21 06:59:03,mediboard,부산광역시,0,0,A1200020,의료법인 온그룹의료재단 온병원,1207,C,12,19,20,54228498,3,3,12,2026-06-21T06:55:10.004172,22,23
2026-06-21 06:59:03,mediboard,부산광역시,0,0,A1200008,의료법인 은성의료재단 좋은강안병원,1212,D,12,11,15,54228654,2,2,12,2026-06-21T06:55:10.004172,13,17
2026-06-21 06:59:03,mediboard,부산광역시,1,1,A1200005,의료법인 은성의료재단 좋은삼선병원,1209,C,12,11,13,54228595,6,6,12,2026-06-21T06:55:10.004172,18,20
2026-06-21 06:59:03,mediboard,부산광역시,0,0,A1200006,의료법인 인당의료재단 부민병원,1208,D,12,7,10,54228815,2,2,12,2026-06-21T06:55:10.004172,9,12
2026-06-21 06:59:03,mediboard,부산광역시,0,0,A1205143,의료법인 인당의료재단 해운대부민병원,1216,D,12,9,9,54228771,1,1,12,2026-06-21T06:55:10.004172,10,10
2026-06-21 06:59:03,mediboard,부산광역시,0,0,A1200012,의료법인 행도의료재단 해동병원,1214,D,12,5,6,54228545,1,1,12,2026-06-21T06:55:10.004172,6,7
2026-06-21 06:59:03,mediboard,부산광역시,0,0,A1200017,의료법인정화의료재단 봉생기념병원,1205,D,12,6,9,54228655,0,2,12,2026-06-21T06:55:10.004172,6,11
2026-06-21 06:59:03,mediboard,부산광역시,-1,3,A1200022,인제대학교 해운대백병원,1216,A,12,20,29,54228769,4,5,12,2026-06-21T06:55:10.004172,23,37
2026-06-21 06:59:03,mediboard,부산광역시,0,0,A1200001,인제대학교부산백병원,1207,C,12,28,32,54228710,3,3,12,2026-06-21T06:55:10.004172,31,35
2026-06-21 06:59:03,mediboard,부산광역시,0,0,A1200023,재단법인천주교부산교구유지재단 메리놀병원,1215,D,12,8,9,54228598,1,1,12,2026-06-21T06:55:10.004172,9,10
2026-06-21 06:59:03,mediboard,부산광역시,2,2,A1200026,좋은문화병원,1205,D,12,4,7,54228500,3,3,12,2026-06-21T06:55:10.004172,9,12
2026-06-21 06:59:03,mediboard,부산광역시,0,0,A1200025,학교법인 춘해병원,1207,D,12,5,9,54228499,1,1,12,2026-06-21T06:55:10.004172,6,10
2026-06-21 06:59:03,mediboard,부산광역시,0,0,A1200019,학교법인)동의병원,1207,D,12,12,14,54228546,1,1,12,2026-06-21T06:55:10.004172,13,15
2026-06-21 06:59:03,mediboard,부산광역시,0,0,A1200016,한국보훈복지의료공단 부산보훈병원,1209,D,12,10,11,54228818,1,2,12,2026-06-21T06:55:10.004172,11,13
2026-06-21 06:59:03,mediboard,인천광역시,0,0,A1300081,(재)미리내천주성삼성직수도회천주성삼병원,1307,D,13,8,9,54228716,1,2,13,2026-06-21T06:55:10.004172,9,11
2026-06-21 06:59:03,mediboard,인천광역시,0,0,A1300018,강남종합병원,1304,D,13,15,15,54228824,1,1,13,2026-06-21T06:55:10.004172,16,16
2026-06-21 06:59:03,mediboard,인천광역시,4,4,A1300002,경북대학교병원,1308,A,13,17,27,54228820,5,5,13,2026-06-21T06:55:10.004172,26,36
2026-06-21 06:59:03,mediboard,인천광역시,0,0,A1303386,계명대학교대구동산병원,1308,D,13,10,12,54228548,2,2,13,2026-06-21T06:55:10.004172,12,14
2026-06-21 06:59:03,mediboard,인천광역시,0,0,A1300003,계명대학교동산병원,1302,C,13,13,23,54228501,1,3,13,2026-06-21T06:55:10.004172,14,26
2026-06-21 06:59:03,mediboard,인천광역시,0,0,A1300008,곽병원,1308,D,13,7,10,54228823,2,2,13,2026-06-21T06:55:10.004172,9,12
2026-06-21 06:59:03,mediboard,인천광역시,0,0,A1300038,나사렛종합병원,1302,D,13,8,9,54228871,2,10,13,2026-06-21T06:55:10.004172,10,19
2026-06-21 06:59:03,mediboard,인천광역시,0,0,A1300004,대구가톨릭대학교병원,1301,C,13,17,24,54228601,4,4,13,2026-06-21T06:55:10.004172,21,28
2026-06-21 06:59:03,mediboard,인천광역시,0,0,A1300005,대구가톨릭대학교칠곡가톨릭병원,1305,D,13,7,9,54228821,1,1,13,2026-06-21T06:55:10.004172,8,10
2026-06-21 06:59:03,mediboard,인천광역시,0,0,A1300076,대구굿모닝병원,1306,D,13,16,17,54228825,2,2,13,2026-06-21T06:55:10.004172,18,19
2026-06-21 06:59:03,mediboard,인천광역시,0,0,A1300007,대구의료원,1306,D,13,16,18,54228822,2,2,13,2026-06-21T06:55:10.004172,18,20
2026-06-21 06:59:03,mediboard,인천광역시,1,5,A1300009,대구파티마병원,1304,C,13,2,25,54228602,6,7,13,2026-06-21T06:55:10.004172,9,37
2026-06-21 06:59:03,mediboard,인천광역시,0,0,A1300110,더블유병원,1302,D,13,7,10,54228657,1,1,13,2026-06-21T06:55:10.004172,8,11
2026-06-21 06:59:03,mediboard,인천광역시,0,0,A1300034,드림종합병원,1301,D,13,7,8,54228715,2,2,13,2026-06-21T06:55:10.004172,9,10
2026-06-21 06:59:03,mediboard,인천광역시,0,0,A1300045,삼일병원,1302,D,13,11,14,54228604,1,1,13,2026-06-21T06:55:10.004172,12,15
2026-06-21 06:59:03,mediboard,인천광역시,3,3,A1300001,영남대학교병원,1301,A,13,25,28,54228600,5,5,13,2026-06-21T06:55:10.004172,33,36
2026-06-21 06:59:03,mediboard,인천광역시,0,0,A1300006,의료법인구의료재단구병원,1302,D,13,10,10,54228547,1,1,13,2026-06-21T06:55:10.004172,11,11
2026-06-21 06:59:03,mediboard,인천광역시,7,9,A1300010,칠곡경북대학교병원,1305,C,13,15,23,54228772,6,6,13,2026-06-21T06:55:10.004172,26,36
2026-06-21 06:59:03,mediboard,인천광역시,0,0,A1300011,한국보훈복지의료공단대구보훈병원,1302,D,13,12,12,54228603,2,2,13,2026-06-21T06:55:10.004172,14,14
2026-06-21 06:59:03,mediboard,대구광역시,0,0,A1400008,(의)성세의료재단 뉴성민병원,1407,D,14,8,9,54228550,1,1,14,2026-06-21T06:55:10.004172,9,10
2026-06-21 06:59:03,mediboard,대구광역시,2,3,A1400015,가톨릭관동대학교국제성모병원,1407,C,14,12,23,54228660,5,5,14,2026-06-21T06:55:10.004172,19,31
2026-06-21 06:59:03,mediboard,대구광역시,4,4,A1400012,가톨릭대학교 인천성모병원,1406,C,14,6,19,54228774,8,8,14,2026-06-21T06:55:10.004172,18,31
2026-06-21 06:59:03,mediboard,대구광역시,0,0,A1400010,검단탑병원,1407,C,14,15,18,54228502,3,3,14,2026-06-21T06:55:10.004172,18,21
2026-06-21 06:59:03,mediboard,대구광역시,0,0,A1403617,비에스종합병원,1401,D,14,9,10,54228719,1,1,14,2026-06-21T06:55:10.004172,10,11
2026-06-21 06:59:03,mediboard,대구광역시,0,0,A1400013,안은의료재단 부평세림병원,1406,C,14,15,16,54228659,4,4,14,2026-06-21T06:55:10.004172,19,20
2026-06-21 06:59:03,mediboard,대구광역시,0,0,A1400005,온누리병원,1407,D,14,9,9,54228773,2,2,14,2026-06-21T06:55:10.004172,11,11
2026-06-21 06:59:03,mediboard,대구광역시,11,11,A1400001,의료법인 길의료재단 길병원,1404,A,14,14,25,54228826,5,7,14,2026-06-21T06:55:10.004172,28,41
2026-06-21 06:59:03,mediboard,대구광역시,0,0,A1400011,의료법인 나사렛의료재단 나사렛국제병원,1408,C,14,17,17,54228503,3,5,14,2026-06-21T06:55:10.004172,20,22
2026-06-21 06:59:03,mediboard,대구광역시,0,0,A1400003,의료법인 루가의료재단 나은병원,1407,C,14,10,11,54228549,10,10,14,2026-06-21T06:55:10.004172,20,21
2026-06-21 06:59:03,mediboard,대구광역시,0,0,A1400007,의료법인 성수의료재단 인천백병원,1405,D,14,5,5,54228658,1,1,14,2026-06-21T06:55:10.004172,6,6
2026-06-21 06:59:03,mediboard,대구광역시,0,0,A1400014,의료법인인성의료재단한림병원,1402,C,14,12,17,54228775,4,4,14,2026-06-21T06:55:10.004172,16,21
2026-06-21 06:59:03,mediboard,대구광역시,0,0,A1400017,인천광역시의료원,1405,D,14,15,15,54228552,2,2,14,2026-06-21T06:55:10.004172,17,17
2026-06-21 06:59:03,mediboard,대구광역시,0,0,A1400037,인천광역시의료원백령병원,1409,D,14,5,5,54228662,1,1,14,2026-06-21T06:55:10.004172,6,6
2026-06-21 06:59:03,mediboard,대구광역시,0,0,A1400009,인천기독병원,1410,D,14,7,8,54228551,1,1,14,2026-06-21T06:55:10.004172,8,9
2026-06-21 06:59:03,mediboard,대구광역시,0,0,A1400016,인천사랑병원,1403,C,14,7,14,54228717,7,7,14,2026-06-21T06:55:10.004172,14,21
2026-06-21 06:59:03,mediboard,대구광역시,0,0,A1403372,인천세종병원,1402,C,14,18,18,54228718,3,3,14,2026-06-21T06:55:10.004172,21,21
2026-06-21 06:59:03,mediboard,대구광역시,0,0,A1400018,인천적십자병원,1408,D,14,8,8,54228661,2,2,14,2026-06-21T06:55:10.004172,10,10
2026-06-21 06:59:03,mediboard,대구광역시,0,0,A1403871,인천힘찬종합병원,1404,D,14,14,17,54228776,3,6,14,2026-06-21T06:55:10.004172,17,23
2026-06-21 06:59:03,mediboard,대구광역시,5,9,A1400002,인하대학교의과대학부속병원,1410,A,14,14,20,54228605,9,9,14,2026-06-21T06:55:10.004172,26,36
2026-06-21 06:59:03,mediboard,대구광역시,0,0,A1400004,현대유비스병원,1403,D,14,15,18,54228827,1,1,14,2026-06-21T06:55:10.004172,16,19
2026-06-21 06:59:03,mediboard,광주광역시,7,7,A1500019,KS병원,1501,C,15,7,15,54228777,3,3,15,2026-06-21T06:55:10.004172,17,25
2026-06-21 06:59:03,mediboard,광주광역시,0,0,A1500021,광주기독병원,1502,C,15,8,20,54228778,3,6,15,2026-06-21T06:55:10.004172,11,26
2026-06-21 06:59:03,mediboard,광주광역시,0,0,A1500015,광주병원,1504,D,15,7,10,54228506,1,1,15,2026-06-21T06:55:10.004172,8,11
2026-06-21 06:59:03,mediboard,광주광역시,0,0,A1500004,광주보훈병원,1501,D,15,12,14,54228606,2,2,15,2026-06-21T06:55:10.004172,14,16
2026-06-21 06:59:03,mediboard,광주광역시,0,0,A1502007,광주센트럴병원,1501,D,15,9,10,54228831,1,1,15,2026-06-21T06:55:10.004172,10,11
2026-06-21 06:59:03,mediboard,광주광역시,0,0,A1500018,광주수완병원,1501,D,15,7,9,54228507,0,1,15,2026-06-21T06:55:10.004172,7,10
2026-06-21 06:59:03,mediboard,광주광역시,0,0,A1500009,광주씨티병원,1502,D,15,10,10,54228504,1,1,15,2026-06-21T06:55:10.004172,11,11
2026-06-21 06:59:03,mediboard,광주광역시,0,0,A1500005,광주일곡병원,1504,D,15,9,9,54228872,1,1,15,2026-06-21T06:55:10.004172,10,10
2026-06-21 06:59:03,mediboard,광주광역시,0,0,A1500016,광주한국병원,1505,D,15,14,15,54228722,1,1,15,2026-06-21T06:55:10.004172,15,16
2026-06-21 06:59:03,mediboard,광주광역시,0,0,A1500003,광주현대병원,1504,D,15,7,9,54228720,2,2,15,2026-06-21T06:55:10.004172,9,11
2026-06-21 06:59:03,mediboard,광주광역시,0,0,A1500007,광주희망병원,1504,D,15,8,9,54228553,1,1,15,2026-06-21T06:55:10.004172,9,10
2026-06-21 06:59:03,mediboard,광주광역시,0,0,A1500013,동아병원,1502,D,15,7,9,54228505,1,1,15,2026-06-21T06:55:10.004172,8,10
2026-06-21 06:59:03,mediboard,광주광역시,0,0,A1500014,미래로21병원,1505,D,15,6,9,54228721,1,1,15,2026-06-21T06:55:10.004172,7,10
2026-06-21 06:59:03,mediboard,광주광역시,0,0,A1500022,상무병원,1505,D,15,8,9,54228830,1,1,15,2026-06-21T06:55:10.004172,9,10
2026-06-21 06:59:03,mediboard,광주광역시,2,2,A1500020,서광병원,1505,C,15,17,18,54228875,3,3,15,2026-06-21T06:55:10.004172,22,23
2026-06-21 06:59:03,mediboard,광주광역시,0,0,A1500006,신가병원,1501,D,15,9,9,54228873,2,2,15,2026-06-21T06:55:10.004172,11,11
2026-06-21 06:59:03,mediboard,광주광역시,0,0,A1500010,운암한국병원,1504,D,15,5,9,54228829,1,1,15,2026-06-21T06:55:10.004172,6,10
2026-06-21 06:59:03,mediboard,광주광역시,3,4,A1500002,전남대학교병원,1503,A,15,20,28,54228828,3,7,15,2026-06-21T06:55:10.004172,26,39
2026-06-21 06:59:03,mediboard,광주광역시,4,4,A1500001,조선대학교병원,1503,A,15,17,23,54228663,5,5,15,2026-06-21T06:55:10.004172,26,32
2026-06-21 06:59:03,mediboard,광주광역시,0,0,A1500011,첨단종합병원,1501,C,15,19,22,54228874,3,3,15,2026-06-21T06:55:10.004172,22,25
2026-06-21 06:59:03,mediboard,광주광역시,0,0,A1500017,하남성심병원,1501,D,15,17,19,54228664,1,2,15,2026-06-21T06:55:10.004172,18,21
2026-06-21 06:59:03,mediboard,대전광역시,0,0,A1600004,대전보훈병원,1601,D,16,7,7,54228508,1,2,16,2026-06-21T06:55:10.004172,8,9
2026-06-21 06:59:03,mediboard,대전광역시,0,0,A1600003,대전한국병원,1602,D,16,6,9,54228665,1,1,16,2026-06-21T06:55:10.004172,7,10
2026-06-21 06:59:03,mediboard,대전광역시,0,0,A1602246,대청병원,1603,D,16,9,9,54228779,1,1,16,2026-06-21T06:55:10.004172,10,10
2026-06-21 06:59:03,mediboard,대전광역시,0,0,A1600008,의료법인영훈의료재단대전선병원,1605,C,16,17,17,54228666,4,9,16,2026-06-21T06:55:10.004172,21,26
2026-06-21 06:59:03,mediboard,대전광역시,0,0,A1600007,의료법인영훈의료재단유성선병원,1604,C,16,16,17,54228555,3,7,16,2026-06-21T06:55:10.004172,19,24
2026-06-21 06:59:03,mediboard,대전광역시,6,6,A1600001,충남대학교병원,1605,A,16,18,28,54228607,5,5,16,2026-06-21T06:55:10.004172,29,39
2026-06-21 06:59:03,mediboard,대전광역시,0,0,A1600005,학교법인가톨릭학원가톨릭대학교대전성모병원,1605,C,16,16,19,54228876,3,3,16,2026-06-21T06:55:10.004172,19,22
2026-06-21 06:59:03,mediboard,대전광역시,5,5,A1600006,학교법인건양교육재단건양대학교병원,1603,A,16,18,24,54228554,5,5,16,2026-06-21T06:55:10.004172,28,34
2026-06-21 06:59:03,mediboard,대전광역시,0,0,A1600002,학교법인을지학원대전을지대학교병원,1603,C,16,20,23,54228832,6,6,16,2026-06-21T06:55:10.004172,26,29
2026-06-21 06:59:03,mediboard,울산광역시,0,0,A1700001,서울산보람병원,1704,D,17,9,10,54228556,1,1,17,2026-06-21T06:55:10.004172,10,11
2026-06-21 06:59:03,mediboard,울산광역시,0,0,A1700003,울산병원,1701,C,17,19,19,54228723,3,3,17,2026-06-21T06:55:10.004172,22,22
2026-06-21 06:59:03,mediboard,울산광역시,0,0,A1700002,의료법인동강의료재단동강병원,1705,C,17,22,24,54228780,3,3,17,2026-06-21T06:55:10.004172,25,27
2026-06-21 06:59:03,mediboard,울산광역시,0,0,A1700025,의료법인송은의료재단울산시티병원,1703,C,17,15,17,54228724,3,3,17,2026-06-21T06:55:10.004172,18,20
2026-06-21 06:59:03,mediboard,울산광역시,0,0,A1700011,의료법인은성의료재단좋은삼정병원,1701,D,17,9,9,54228781,1,1,17,2026-06-21T06:55:10.004172,10,10
2026-06-21 06:59:03,mediboard,울산광역시,0,0,A1700028,의료법인정안의료재단중앙병원,1701,C,17,16,17,54228608,3,3,17,2026-06-21T06:55:10.004172,19,20
2026-06-21 06:59:03,mediboard,울산광역시,8,8,A1700004,학교법인울산공업학원울산대학교병원,1702,A,17,14,23,54228667,6,6,17,2026-06-21T06:55:10.004172,28,37
2026-06-21 06:59:03,mediboard,경기도,0,0,A2100019,(의)영문의료재단 다보스병원,2136,C,21,12,13,54228613,7,7,21,2026-06-21T06:55:10.004172,19,20
2026-06-21 06:59:03,mediboard,경기도,0,0,A2100122,(의)효심의료재단용인서울병원,2136,D,21,9,10,54228885,0,0,21,2026-06-21T06:55:10.004172,9,10
2026-06-21 06:59:03,mediboard,경기도,0,0,A2100052,가톨릭대학교부천성모병원,2113,C,21,26,31,54228516,6,6,21,2026-06-21T06:55:10.004172,32,37
2026-06-21 06:59:03,mediboard,경기도,6,8,A2100012,가톨릭대학교성빈센트병원,2122,C,21,6,28,54228668,5,6,21,2026-06-21T06:55:10.004172,15,40
2026-06-21 06:59:03,mediboard,경기도,11,11,A2100040,가톨릭대학교의정부성모병원,2138,A,21,36,44,54228562,6,6,21,2026-06-21T06:55:10.004172,53,61
2026-06-21 06:59:03,mediboard,경기도,0,0,A2100029,강남병원,2134,C,21,15,17,54228784,3,3,21,2026-06-21T06:55:10.004172,18,20
2026-06-21 06:59:03,mediboard,경기도,0,0,A2100193,경기도의료원 이천병원,2139,C,21,16,17,54228786,3,3,21,2026-06-21T06:55:10.004172,19,20
2026-06-21 06:59:03,mediboard,경기도,0,0,A2100032,경기도의료원수원병원,2121,D,21,7,8,54228727,5,5,21,2026-06-21T06:55:10.004172,12,13
2026-06-21 06:59:03,mediboard,경기도,0,0,A2100045,경기도의료원안성병원,2126,D,21,13,14,54228728,1,5,21,2026-06-21T06:55:10.004172,14,19
2026-06-21 06:59:03,mediboard,경기도,0,0,A2100043,경기도의료원의정부병원,2138,D,21,10,10,54228881,1,1,21,2026-06-21T06:55:10.004172,11,11
2026-06-21 06:59:03,mediboard,경기도,0,0,A2100035,경기도의료원파주병원,2140,C,21,14,17,54228514,3,3,21,2026-06-21T06:55:10.004172,17,20
2026-06-21 06:59:03,mediboard,경기도,0,0,A2100031,경기도의료원포천병원,2142,C,21,17,17,54228671,3,3,21,2026-06-21T06:55:10.004172,20,20
2026-06-21 06:59:03,mediboard,경기도,4,4,A2100003,고려대학교의과대학부속안산병원,2124,A,21,12,22,54228559,7,8,21,2026-06-21T06:55:10.004172,23,34
2026-06-21 06:59:03,mediboard,경기도,4,4,A2100007,광명성애병원,2106,C,21,7,11,54228834,5,5,21,2026-06-21T06:55:10.004172,16,20
2026-06-21 06:59:03,mediboard,경기도,0,0,A2100258,국군수도병원,2116,D,21,14,16,54228787,0,2,21,2026-06-21T06:55:10.004172,14,18
2026-06-21 06:59:03,mediboard,경기도,0,0,A2100049,국립암센터,2103,D,21,18,24,54228673,1,1,21,2026-06-21T06:55:10.004172,19,25
2026-06-21 06:59:03,mediboard,경기도,3,5,A2100033,국민건강보험공단일산병원,2103,A,21,20,23,54228879,5,5,21,2026-06-21T06:55:10.004172,28,33
2026-06-21 06:59:03,mediboard,경기도,0,0,A2100014,근로복지공단안산병원,2125,D,21,7,7,54228610,1,1,21,2026-06-21T06:55:10.004172,8,8
2026-06-21 06:59:03,mediboard,경기도,0,0,A2100041,남양주한양병원,2111,C,21,16,17,54228880,3,3,21,2026-06-21T06:55:10.004172,19,20
2026-06-21 06:59:03,mediboard,경기도,0,0,A2100017,대아의료재단한도병원,2124,C,21,14,17,54228612,3,3,21,2026-06-21T06:55:10.004172,17,20
2026-06-21 06:59:03,mediboard,경기도,3,3,A2100025,대진의료재단분당제생병원,2116,C,21,23,24,54228836,3,3,21,2026-06-21T06:55:10.004172,29,30
2026-06-21 06:59:03,mediboard,경기도,3,3,A2100047,동국대학교일산불교병원,2103,C,21,18,19,54228672,7,7,21,2026-06-21T06:55:10.004172,28,29
2026-06-21 06:59:03,mediboard,경기도,0,0,A2100131,메디인병원,2140,D,21,11,12,54228838,2,2,21,2026-06-21T06:55:10.004172,13,14
2026-06-21 06:59:03,mediboard,경기도,0,0,A2121142,메디필드한강병원,2136,D,21,16,17,54228843,3,3,21,2026-06-21T06:55:10.004172,19,20
2026-06-21 06:59:03,mediboard,경기도,0,0,A2100055,부천세종병원,2113,C,21,15,17,54228618,3,3,21,2026-06-21T06:55:10.004172,18,20
2026-06-21 06:59:03,mediboard,경기도,5,5,A2100001,분당서울대학교병원,2116,A,21,-12,30,54228558,4,5,21,2026-06-21T06:55:10.004172,-3,40
2026-06-21 06:59:03,mediboard,경기도,6,6,A2116806,성남시의료원,2117,C,21,16,17,54228842,6,6,21,2026-06-21T06:55:10.004172,28,29
2026-06-21 06:59:03,mediboard,경기도,0,0,A2100011,성남중앙병원,2118,D,21,9,9,54228511,1,1,21,2026-06-21T06:55:10.004172,10,10
2026-06-21 06:59:03,mediboard,경기도,0,0,A2100194,세종여주병원,2131,D,21,6,6,54228517,7,7,21,2026-06-21T06:55:10.004172,13,13
2026-06-21 06:59:03,mediboard,경기도,0,0,A2100016,순천의료재단성남정병원,2117,D,21,8,9,54228560,2,2,21,2026-06-21T06:55:10.004172,10,11
2026-06-21 06:59:03,mediboard,경기도,4,5,A2100005,순천향대학교부속부천병원,2113,A,21,9,17,54228510,3,5,21,2026-06-21T06:55:10.004172,16,27
2026-06-21 06:59:03,mediboard,경기도,12,14,A2100002,아주대학교병원,2120,A,21,20,32,54228609,12,13,21,2026-06-21T06:55:10.004172,40,54
2026-06-21 06:59:03,mediboard,경기도,0,0,A2100305,안성성모병원,2126,D,21,9,9,54228841,1,1,21,2026-06-21T06:55:10.004172,10,10
2026-06-21 06:59:03,mediboard,경기도,0,0,A2100089,양평병원,2130,D,21,8,9,54228730,1,1,21,2026-06-21T06:55:10.004172,9,10
2026-06-21 06:59:03,mediboard,경기도,0,0,A2118188,엘병원,2111,D,21,7,8,54228732,2,2,21,2026-06-21T06:55:10.004172,9,10
2026-06-21 06:59:03,mediboard,경기도,6,6,A2100020,연세대학교의과대학용인세브란스병원,2134,C,21,13,16,54228877,4,4,21,2026-06-21T06:55:10.004172,23,26
2026-06-21 06:59:03,mediboard,경기도,0,0,E2100187,연천군보건의료원,2132,D,21,10,10,54228536,0,0,21,2026-06-21T06:55:10.004172,10,10
2026-06-21 06:59:03,mediboard,경기도,0,0,A2100024,오산한국병원,2133,C,21,14,17,54228878,3,3,21,2026-06-21T06:55:10.004172,17,20
2026-06-21 06:59:03,mediboard,경기도,0,0,A2100048,원광대학교산본병원,2109,C,21,16,17,54228617,3,3,21,2026-06-21T06:55:10.004172,19,20
2026-06-21 06:59:03,mediboard,경기도,5,5,A2100008,의료법인 남촌의료재단 시화병원,2123,C,21,11,16,54228725,2,6,21,2026-06-21T06:55:10.004172,18,27
2026-06-21 06:59:03,mediboard,경기도,0,0,A2100013,의료법인 록향의료재단 신천연합병원,2123,D,21,9,10,54228835,1,1,21,2026-06-21T06:55:10.004172,10,11
2026-06-21 06:59:03,mediboard,경기도,0,0,A2100036,의료법인 일심의료재단 포천우리병원,2142,D,21,17,18,54228616,4,4,21,2026-06-21T06:55:10.004172,21,22
2026-06-21 06:59:03,mediboard,경기도,0,0,A2100309,의료법인갈렌의료재단박병원,2141,D,21,9,10,54228675,1,1,21,2026-06-21T06:55:10.004172,10,11
2026-06-21 06:59:03,mediboard,경기도,0,0,A2100009,의료법인녹산의료재단동수원병원,2122,C,21,17,17,54228726,2,3,21,2026-06-21T06:55:10.004172,19,20
2026-06-21 06:59:03,mediboard,경기도,0,0,A2100050,의료법인대인의료재단다니엘종합병원,2113,D,21,5,6,54228883,4,4,21,2026-06-21T06:55:10.004172,9,10
2026-06-21 06:59:03,mediboard,경기도,3,3,A2121061,의료법인덕산의료재단수원덕산병원,2119,D,21,18,24,54228886,3,3,21,2026-06-21T06:55:10.004172,24,30
2026-06-21 06:59:03,mediboard,경기도,0,0,A2117135,의료법인명인의료재단화홍병원,2119,C,21,12,15,54228620,5,5,21,2026-06-21T06:55:10.004172,17,20
2026-06-21 06:59:03,mediboard,경기도,3,3,A2100042,의료법인명지의료재단명지병원,2102,A,21,11,15,54228837,10,11,21,2026-06-21T06:55:10.004172,21,26
2026-06-21 06:59:03,mediboard,경기도,0,0,A2100022,의료법인박애의료재단박애병원,2141,D,21,9,10,54228614,1,1,21,2026-06-21T06:55:10.004172,10,11
2026-06-21 06:59:03,mediboard,경기도,0,0,A2100028,의료법인백송의료재단굿모닝병원,2141,C,21,13,19,54228615,9,9,21,2026-06-21T06:55:10.004172,22,28
2026-06-21 06:59:03,mediboard,경기도,0,0,A2100027,의료법인석경의료재단센트럴병원,2123,D,21,17,18,54228670,3,3,21,2026-06-21T06:55:10.004172,20,21
2026-06-21 06:59:03,mediboard,경기도,0,0,A2116972,의료법인성광의료재단일산차병원,2103,D,21,6,6,54228619,4,4,21,2026-06-21T06:55:10.004172,10,10
2026-06-21 06:59:03,mediboard,경기도,0,0,A2113246,의료법인양진의료재단평택성모병원,2141,C,21,13,17,54228676,3,3,21,2026-06-21T06:55:10.004172,16,20
2026-06-21 06:59:03,mediboard,경기도,0,0,A2100034,의료법인영동의료재단의정부백병원,2138,D,21,9,10,54228513,2,2,21,2026-06-21T06:55:10.004172,11,12
2026-06-21 06:59:03,mediboard,경기도,0,0,A2100053,의료법인우리의료재단김포우리병원,2110,C,21,16,22,54228729,7,7,21,2026-06-21T06:55:10.004172,23,29
2026-06-21 06:59:03,mediboard,경기도,0,0,A2115699,의료법인원광의료재단원광종합병원,2146,D,21,8,9,54228564,1,1,21,2026-06-21T06:55:10.004172,9,10
2026-06-21 06:59:03,mediboard,경기도,0,0,A2100018,의료법인은혜와감사의료재단화성중앙종합병원,2144,D,21,8,9,54228783,1,1,21,2026-06-21T06:55:10.004172,9,10
2026-06-21 06:59:03,mediboard,경기도,0,0,A2100006,의료법인인봉의료재단뉴고려병원,2110,C,21,10,14,54228833,6,6,21,2026-06-21T06:55:10.004172,16,20
2026-06-21 06:59:03,mediboard,경기도,0,0,A2100290,의료법인자인의료재단(더자인병원),2102,D,21,15,16,54228674,4,4,21,2026-06-21T06:55:10.004172,19,20
2026-06-21 06:59:03,mediboard,경기도,0,0,A2100124,의료법인칠석의료재단사랑의병원,2125,D,21,11,13,54228563,1,1,21,2026-06-21T06:55:10.004172,12,14
2026-06-21 06:59:03,mediboard,경기도,0,0,A2100175,의료법인토마스의료재단윌스기념병원,2122,D,21,16,18,54228840,3,3,21,2026-06-21T06:55:10.004172,19,21
2026-06-21 06:59:03,mediboard,경기도,0,0,A2100021,의료법인플러스의료재단단원병원,2124,D,21,14,17,54228669,3,3,21,2026-06-21T06:55:10.004172,17,20
2026-06-21 06:59:03,mediboard,경기도,4,4,A2100038,인제대학교일산백병원,2104,C,21,17,30,54228785,5,6,21,2026-06-21T06:55:10.004172,26,40
2026-06-21 06:59:03,mediboard,경기도,0,0,A2118788,중앙대학교광명병원,2106,C,21,14,21,54228518,3,3,21,2026-06-21T06:55:10.004172,17,24
2026-06-21 06:59:03,mediboard,경기도,10,13,A2100030,차의과학대학교분당차병원,2116,A,21,12,22,54228512,7,7,21,2026-06-21T06:55:10.004172,27,40
2026-06-21 06:59:03,mediboard,경기도,1,1,A2100155,참조은병원,2107,C,21,1,9,54228839,10,10,21,2026-06-21T06:55:10.004172,12,20
2026-06-21 06:59:03,mediboard,경기도,0,0,A2100150,추병원,2138,D,21,9,12,54228731,2,2,21,2026-06-21T06:55:10.004172,11,14
2026-06-21 06:59:03,mediboard,경기도,6,6,A2117994,학교법인을지학원의정부을지대학교병원,2138,C,21,28,30,54228621,10,11,21,2026-06-21T06:55:10.004172,44,47
2026-06-21 06:59:03,mediboard,경기도,9,9,A2100046,한림대학교동탄성심병원,2147,C,21,29,32,54228882,3,3,21,2026-06-21T06:55:10.004172,41,44
2026-06-21 06:59:03,mediboard,경기도,3,3,A2100004,한림대학교성심병원,2127,A,21,10,25,54228509,10,11,21,2026-06-21T06:55:10.004172,23,39
2026-06-21 06:59:03,mediboard,경기도,0,0,A2100039,한양대학교구리병원,2108,C,21,9,18,54228561,5,5,21,2026-06-21T06:55:10.004172,14,23
2026-06-21 06:59:03,mediboard,경기도,0,0,A2100037,현대병원,2111,C,21,13,17,54228515,3,3,21,2026-06-21T06:55:10.004172,16,20
2026-06-21 06:59:03,mediboard,경기도,0,0,A2100015,효산의료재단 안양샘병원,2128,C,21,13,17,54228611,3,3,21,2026-06-21T06:55:10.004172,16,20
2026-06-21 06:59:03,mediboard,경기도,0,0,A2100054,효산의료재단지샘병원,2109,C,21,18,18,54228884,4,4,21,2026-06-21T06:55:10.004172,22,22
2026-06-21 06:59:03,mediboard,강원특별자치도,3,3,A2200008,강릉아산병원,2201,A,22,19,23,54228733,5,5,22,2026-06-21T06:55:10.004172,27,31
2026-06-21 06:59:03,mediboard,강원특별자치도,3,3,A2200009,강원대학교병원,2213,C,22,16,21,54228887,5,5,22,2026-06-21T06:55:10.004172,24,29
2026-06-21 06:59:03,mediboard,강원특별자치도,0,0,A2200011,강원특별자치도강릉의료원,2201,D,22,4,5,54228678,1,1,22,2026-06-21T06:55:10.004172,5,6
2026-06-21 06:59:03,mediboard,강원특별자치도,1,1,A2200007,강원특별자치도삼척의료원,2204,C,22,15,16,54228519,3,5,22,2026-06-21T06:55:10.004172,19,22
2026-06-21 06:59:03,mediboard,강원특별자치도,0,0,A2200012,강원특별자치도속초의료원,2205,C,22,17,17,54228888,3,3,22,2026-06-21T06:55:10.004172,20,20
2026-06-21 06:59:03,mediboard,강원특별자치도,0,0,A2200002,강원특별자치도영월의료원,2208,D,22,9,9,54228565,1,1,22,2026-06-21T06:55:10.004172,10,10
2026-06-21 06:59:03,mediboard,강원특별자치도,0,0,A2200015,강원특별자치도원주의료원,2209,D,22,7,8,54228680,2,2,22,2026-06-21T06:55:10.004172,9,10
2026-06-21 06:59:03,mediboard,강원특별자치도,0,0,A2200048,근로복지공단정선병원,2211,D,22,5,5,54228623,1,1,22,2026-06-21T06:55:10.004172,6,6
2026-06-21 06:59:03,mediboard,강원특별자치도,0,0,A2200004,근로복지공단태백병원,2214,D,22,8,9,54228622,1,1,22,2026-06-21T06:55:10.004172,9,10
2026-06-21 06:59:03,mediboard,강원특별자치도,3,3,A2200001,연세대학교원주세브란스기독병원,2209,A,22,20,31,54228677,36,45,22,2026-06-21T06:55:10.004172,59,79
2026-06-21 06:59:03,mediboard,강원특별자치도,0,0,A2200005,의료법인강릉동인병원,2201,C,22,15,17,54228789,3,3,22,2026-06-21T06:55:10.004172,18,20
2026-06-21 06:59:03,mediboard,강원특별자치도,0,0,A2200003,의료법인동해동인병원,2203,D,22,8,10,54228788,1,1,22,2026-06-21T06:55:10.004172,9,11
2026-06-21 06:59:03,mediboard,강원특별자치도,0,0,A2200037,의료법인성심의료재단양구성심병원,2206,D,22,5,5,54228889,1,1,22,2026-06-21T06:55:10.004172,6,6
2026-06-21 06:59:03,mediboard,강원특별자치도,0,0,A2200024,의료법인성지의료재단성지병원,2209,D,22,4,7,54228735,1,1,22,2026-06-21T06:55:10.004172,5,8
2026-06-21 06:59:03,mediboard,강원특별자치도,0,0,A2200046,의료법인온세움의료재단온재병원,2205,D,22,9,9,54228890,1,1,22,2026-06-21T06:55:10.004172,10,10
2026-06-21 06:59:03,mediboard,강원특별자치도,0,0,A2201730,철원병원,2212,D,22,5,5,54228566,1,1,22,2026-06-21T06:55:10.004172,6,6
2026-06-21 06:59:03,mediboard,강원특별자치도,0,0,E2200026,평창군보건의료원,2215,D,22,6,6,54228644,1,1,22,2026-06-21T06:55:10.004172,7,7
2026-06-21 06:59:03,mediboard,강원특별자치도,3,3,A2200013,한림대학교춘천성심병원,2213,A,22,14,22,54228520,5,5,22,2026-06-21T06:55:10.004172,22,30
2026-06-21 06:59:03,mediboard,강원특별자치도,0,0,A2200014,홍천아산병원,2216,D,22,10,10,54228679,0,0,22,2026-06-21T06:55:10.004172,10,10
2026-06-21 06:59:03,mediboard,강원특별자치도,0,0,E2200025,화천군보건의료원,2217,D,22,7,7,54228759,1,1,22,2026-06-21T06:55:10.004172,8,8
2026-06-21 06:59:03,mediboard,강원특별자치도,0,0,A2200016,횡성대성병원,2218,D,22,9,9,54228734,1,1,22,2026-06-21T06:55:10.004172,10,10
2026-06-21 06:59:03,mediboard,충청북도,0,0,A2300010,건국대학교충주병원,2314,C,23,15,20,54228891,3,3,23,2026-06-21T06:55:10.004172,18,23
2026-06-21 06:59:03,mediboard,충청북도,0,0,E2300011,단양군보건의료원,2302,D,23,5,6,54228590,1,2,23,2026-06-21T06:55:10.004172,6,8
2026-06-21 06:59:03,mediboard,충청북도,0,0,A2300013,의료법인 건명의료재단 중앙제일병원,2309,C,23,15,17,54228790,3,5,23,2026-06-21T06:55:10.004172,18,22
2026-06-21 06:59:03,mediboard,충청북도,0,0,A2300034,의료법인대광의료재단괴산성모병원,2301,D,23,8,9,54228683,0,1,23,2026-06-21T06:55:10.004172,8,10
2026-06-21 06:59:03,mediboard,충청북도,3,3,A2300009,의료법인명지의료재단명지병원,2307,C,23,15,18,54228682,6,6,23,2026-06-21T06:55:10.004172,24,27
2026-06-21 06:59:03,mediboard,충청북도,0,0,A2300007,의료법인인화재단한국병원,2310,C,23,13,14,54228681,6,6,23,2026-06-21T06:55:10.004172,19,20
2026-06-21 06:59:03,mediboard,충청북도,0,0,A2300005,의료법인자산의료재단제천서울병원,2307,C,23,12,15,54228569,5,5,23,2026-06-21T06:55:10.004172,17,20
2026-06-21 06:59:03,mediboard,충청북도,0,0,A2300003,의료법인정산의료재단효성병원,2310,C,23,16,18,54228568,5,5,23,2026-06-21T06:55:10.004172,21,23
2026-06-21 06:59:03,mediboard,충청북도,0,0,A2300030,의료법인조윤의료재단영동병원,2304,D,23,9,10,54228791,0,0,23,2026-06-21T06:55:10.004172,9,10
2026-06-21 06:59:03,mediboard,충청북도,0,0,A2300002,의료법인한마음의료재단하나병원,2313,C,23,21,23,54228521,2,12,23,2026-06-21T06:55:10.004172,23,35
2026-06-21 06:59:03,mediboard,충청북도,0,0,A2300011,의료법인힐링의료재단옥천성모병원,2305,D,23,7,7,54228844,3,3,23,2026-06-21T06:55:10.004172,10,10
2026-06-21 06:59:03,mediboard,충청북도,0,0,A2300008,청주성모병원,2312,C,23,8,15,54228522,7,10,23,2026-06-21T06:55:10.004172,15,25
2026-06-21 06:59:03,mediboard,충청북도,7,8,A2300001,충북대학교병원,2311,A,23,30,32,54228567,5,5,23,2026-06-21T06:55:10.004172,42,45
2026-06-21 06:59:03,mediboard,충청북도,0,0,A2300006,충청북도청주의료원,2311,D,23,11,12,54228625,4,4,23,2026-06-21T06:55:10.004172,15,16
2026-06-21 06:59:03,mediboard,충청북도,0,0,A2300004,충청북도충주의료원,2314,D,23,17,18,54228624,3,3,23,2026-06-21T06:55:10.004172,20,21
2026-06-21 06:59:03,mediboard,충청남도,4,4,A2400002,단국대학교의과대학부속병원,2412,A,24,22,27,54228571,5,5,24,2026-06-21T06:55:10.004172,31,36
2026-06-21 06:59:03,mediboard,충청남도,0,0,A2400008,당진종합병원,2405,C,24,13,17,54228572,3,3,24,2026-06-21T06:55:10.004172,16,20
2026-06-21 06:59:03,mediboard,충청남도,0,4,A2400003,서산중앙병원,2408,C,24,14,17,54228523,3,3,24,2026-06-21T06:55:10.004172,17,24
2026-06-21 06:59:03,mediboard,충청남도,0,0,A2402257,아산충무병원,2410,C,24,10,13,54228892,8,8,24,2026-06-21T06:55:10.004172,18,21
2026-06-21 06:59:03,mediboard,충청남도,0,0,A2400044,의료법인 서해병원,2409,D,24,4,5,54228573,2,2,24,2026-06-21T06:55:10.004172,6,7
2026-06-21 06:59:03,mediboard,충청남도,0,0,A2400009,의료법인백제병원,2404,C,24,18,20,54228525,3,3,24,2026-06-21T06:55:10.004172,21,23
2026-06-21 06:59:03,mediboard,충청남도,0,0,A2400012,의료법인영서의료재단천안충무병원,2413,C,24,12,16,54228684,5,5,24,2026-06-21T06:55:10.004172,17,21
2026-06-21 06:59:03,mediboard,충청남도,0,0,A2400004,의료법인예당의료재단예산종합병원,2411,D,24,4,6,54228845,1,1,24,2026-06-21T06:55:10.004172,5,7
2026-06-21 06:59:03,mediboard,충청남도,0,0,A2400011,재단법인아산사회복지재단보령아산병원,2406,C,24,15,17,54228626,3,3,24,2026-06-21T06:55:10.004172,18,20
2026-06-21 06:59:03,mediboard,충청남도,0,0,E2400032,청양군보건의료원,2414,D,24,5,6,54228701,1,1,24,2026-06-21T06:55:10.004172,6,7
2026-06-21 06:59:03,mediboard,충청남도,0,0,A2400010,충청남도공주의료원,2402,D,24,14,15,54228526,1,1,24,2026-06-21T06:55:10.004172,15,16
2026-06-21 06:59:03,mediboard,충청남도,0,0,A2400006,충청남도서산의료원,2408,C,24,16,17,54228524,3,3,24,2026-06-21T06:55:10.004172,19,20
2026-06-21 06:59:03,mediboard,충청남도,0,0,A2400005,충청남도천안의료원,2412,D,24,8,12,54228792,1,2,24,2026-06-21T06:55:10.004172,9,14
2026-06-21 06:59:03,mediboard,충청남도,1,1,A2400007,충청남도홍성의료원,2416,C,24,15,18,54228846,3,3,24,2026-06-21T06:55:10.004172,19,22
2026-06-21 06:59:03,mediboard,충청남도,0,0,E2400033,태안군보건의료원,2415,D,24,10,10,54228537,1,1,24,2026-06-21T06:55:10.004172,11,11
2026-06-21 06:59:03,mediboard,충청남도,0,0,A2400038,학교법인건양교육재단건양대학교부여병원,2407,D,24,8,9,54228685,1,1,24,2026-06-21T06:55:10.004172,9,10
2026-06-21 06:59:03,mediboard,충청남도,18,18,A2400001,학교법인동은학원순천향대학교부속천안병원,2412,A,24,14,22,54228570,11,11,24,2026-06-21T06:55:10.004172,39,47
2026-06-21 06:59:03,mediboard,충청남도,0,0,A2400039,현대병원,2410,D,24,10,10,54228793,1,1,24,2026-06-21T06:55:10.004172,11,11
2026-06-21 06:59:03,mediboard,전북특별자치도,0,0,A2500038,김제우석병원,2503,D,25,10,10,54228527,1,1,25,2026-06-21T06:55:10.004172,11,11
2026-06-21 06:59:03,mediboard,전북특별자치도,0,0,A2500056,대자인병원,2512,C,25,26,33,54228687,3,3,25,2026-06-21T06:55:10.004172,29,36
2026-06-21 06:59:03,mediboard,전북특별자치도,0,0,E2500019,무주군보건의료원,2505,D,25,4,4,54228861,1,1,25,2026-06-21T06:55:10.004172,5,5
2026-06-21 06:59:03,mediboard,전북특별자치도,0,0,A2500010,부안성모병원,2506,D,25,10,10,54228795,2,2,25,2026-06-21T06:55:10.004172,12,12
2026-06-21 06:59:03,mediboard,전북특별자치도,3,3,A2502742,새강병원,2513,D,25,14,14,54228895,3,3,25,2026-06-21T06:55:10.004172,20,20
2026-06-21 06:59:03,mediboard,전북특별자치도,0,0,E2500021,순창군보건의료원,2507,D,25,8,9,54228591,1,1,25,2026-06-21T06:55:10.004172,9,10
2026-06-21 06:59:03,mediboard,전북특별자치도,3,3,A2500001,원광대학교병원,2509,A,25,3,28,54228893,5,5,25,2026-06-21T06:55:10.004172,11,36
2026-06-21 06:59:03,mediboard,전북특별자치도,0,0,A2500011,의료법인대산의료재단익산병원,2509,C,25,13,17,54228686,3,3,25,2026-06-21T06:55:10.004172,16,20
2026-06-21 06:59:03,mediboard,전북특별자치도,0,0,A2500009,의료법인석천재단고창병원,2501,D,25,10,10,54228847,1,1,25,2026-06-21T06:55:10.004172,11,11
2026-06-21 06:59:03,mediboard,전북특별자치도,0,0,A2500005,의료법인영경의료재단전주병원,2513,C,25,14,17,54228737,3,3,25,2026-06-21T06:55:10.004172,17,20
2026-06-21 06:59:03,mediboard,전북특별자치도,0,0,A2501890,의료법인영경의료재단호성전주병원,2512,D,25,5,9,54228627,1,1,25,2026-06-21T06:55:10.004172,6,10
2026-06-21 06:59:03,mediboard,전북특별자치도,0,0,A2500012,의료법인오성의료재단동군산병원,2502,C,25,12,17,54228894,6,6,25,2026-06-21T06:55:10.004172,18,23
2026-06-21 06:59:03,mediboard,전북특별자치도,0,0,E2500022,임실군보건의료원,2510,D,25,3,4,54228862,1,1,25,2026-06-21T06:55:10.004172,4,5
2026-06-21 06:59:03,mediboard,전북특별자치도,0,0,E2500020,장수군보건의료원,2511,D,25,5,5,54228702,1,1,25,2026-06-21T06:55:10.004172,6,6
2026-06-21 06:59:03,mediboard,전북특별자치도,0,0,A2500008,재단법인 아산사회복지재단 정읍아산병원,2514,C,25,13,17,54228575,3,3,25,2026-06-21T06:55:10.004172,16,20
2026-06-21 06:59:03,mediboard,전북특별자치도,6,12,A2500006,재단법인예수병원유지재단예수병원,2513,C,25,22,38,54228574,3,5,25,2026-06-21T06:55:10.004172,29,53
2026-06-21 06:59:03,mediboard,전북특별자치도,4,5,A2500002,전북대학교병원,2512,A,25,20,36,54228794,7,7,25,2026-06-21T06:55:10.004172,31,48
2026-06-21 06:59:03,mediboard,전북특별자치도,0,0,A2500007,전북특별자치도군산의료원,2502,C,25,10,17,54228738,3,3,25,2026-06-21T06:55:10.004172,13,20
2026-06-21 06:59:03,mediboard,전북특별자치도,0,0,A2500004,전북특별자치도남원의료원,2504,C,25,15,17,54228736,3,3,25,2026-06-21T06:55:10.004172,18,20
2026-06-21 06:59:03,mediboard,전북특별자치도,0,0,A2502031,진안군의료원,2515,D,25,5,6,54228796,2,2,25,2026-06-21T06:55:10.004172,7,8
2026-06-21 06:59:03,mediboard,전라남도,0,0,A2600029,곡성사랑병원,2603,D,26,5,5,54228798,1,1,26,2026-06-21T06:55:10.004172,6,6
2026-06-21 06:59:03,mediboard,전라남도,0,0,A2600006,광양사랑병원,2604,D,26,8,9,54228529,1,1,26,2026-06-21T06:55:10.004172,9,10
2026-06-21 06:59:03,mediboard,전라남도,0,0,A2600061,구례병원,2605,D,26,10,10,54228850,0,0,26,2026-06-21T06:55:10.004172,10,10
2026-06-21 06:59:03,mediboard,전라남도,0,0,A2600016,나주종합병원,2606,D,26,8,10,54228740,0,0,26,2026-06-21T06:55:10.004172,8,10
2026-06-21 06:59:03,mediboard,전라남도,0,0,A2600054,담양사랑병원,2607,D,26,6,6,54228744,2,2,26,2026-06-21T06:55:10.004172,8,8
2026-06-21 06:59:03,mediboard,전라남도,0,0,A2600003,대송의료재단무안병원,2609,D,26,2,4,54228848,1,1,26,2026-06-21T06:55:10.004172,3,5
2026-06-21 06:59:03,mediboard,전라남도,0,0,A2600020,목포기독병원,2608,D,26,13,17,54228577,3,3,26,2026-06-21T06:55:10.004172,16,20
2026-06-21 06:59:03,mediboard,전라남도,0,0,A2600022,목포시의료원,2608,D,26,9,9,54228899,1,1,26,2026-06-21T06:55:10.004172,10,10
2026-06-21 06:59:03,mediboard,전라남도,2,3,A2600011,목포한국병원,2608,A,26,15,18,54228688,5,5,26,2026-06-21T06:55:10.004172,22,26
2026-06-21 06:59:03,mediboard,전라남도,0,0,A2600052,보성아산병원,2610,D,26,8,8,54228903,1,1,26,2026-06-21T06:55:10.004172,9,9
2026-06-21 06:59:03,mediboard,전라남도,0,0,A2602211,빛가람종합병원,2606,D,26,6,9,54228631,1,1,26,2026-06-21T06:55:10.004172,7,10
2026-06-21 06:59:03,mediboard,전라남도,3,4,A2600019,성가롤로병원,2611,A,26,12,18,54228741,5,5,26,2026-06-21T06:55:10.004172,20,27
2026-06-21 06:59:03,mediboard,전라남도,0,0,A2600008,순천제일병원,2611,D,26,7,9,54228797,1,1,26,2026-06-21T06:55:10.004172,8,10
2026-06-21 06:59:03,mediboard,전라남도,0,0,A2600004,순천중앙병원,2611,D,26,5,5,54228739,1,1,26,2026-06-21T06:55:10.004172,6,6
2026-06-21 06:59:03,mediboard,전라남도,0,0,A2600010,여수전남병원,2613,D,26,7,10,54228897,1,1,26,2026-06-21T06:55:10.004172,8,11
2026-06-21 06:59:03,mediboard,전라남도,0,0,A2600014,여천전남병원,2613,C,26,17,17,54228576,3,3,26,2026-06-21T06:55:10.004172,20,20
2026-06-21 06:59:03,mediboard,전라남도,0,0,A2600015,영광종합병원,2614,D,26,8,10,54228849,3,3,26,2026-06-21T06:55:10.004172,11,13
2026-06-21 06:59:03,mediboard,전라남도,0,0,A2600070,영암한국병원,2615,D,26,8,8,54228851,0,1,26,2026-06-21T06:55:10.004172,8,9
2026-06-21 06:59:03,mediboard,전라남도,0,0,A2600032,완도대성병원,2616,D,26,5,5,54228690,1,1,26,2026-06-21T06:55:10.004172,6,6
2026-06-21 06:59:03,mediboard,전라남도,0,0,A2600034,의료법인 거명의료재단 영광기독병원,2614,D,26,10,10,54228743,1,1,26,2026-06-21T06:55:10.004172,11,11
2026-06-21 06:59:03,mediboard,전라남도,0,0,A2600017,의료법인목포구암의료재단목포중앙병원,2608,C,26,15,16,54228629,4,4,26,2026-06-21T06:55:10.004172,19,20
2026-06-21 06:59:03,mediboard,전라남도,0,0,A2600066,의료법인삼호의료재단벌교삼호병원,2610,D,26,6,6,54228579,1,1,26,2026-06-21T06:55:10.004172,7,7
2026-06-21 06:59:03,mediboard,전라남도,0,0,A2600051,의료법인신안대우병원,2612,D,26,4,4,54228902,1,1,26,2026-06-21T06:55:10.004172,5,5
2026-06-21 06:59:03,mediboard,전라남도,0,0,A2600018,의료법인영성의료재단고흥종합병원,2602,D,26,9,10,54228689,0,0,26,2026-06-21T06:55:10.004172,9,10
2026-06-21 06:59:03,mediboard,전라남도,0,0,A2600021,의료법인우범의료재단장흥종합병원,2618,D,26,7,9,54228898,1,1,26,2026-06-21T06:55:10.004172,8,10
2026-06-21 06:59:03,mediboard,전라남도,0,0,A2600068,의료법인장호의료재단녹동현대병원,2602,D,26,2,3,54228745,2,2,26,2026-06-21T06:55:10.004172,4,5
2026-06-21 06:59:03,mediboard,전라남도,0,0,A2600005,의료법인한국의료재단한국병원,2611,D,26,10,11,54228528,1,1,26,2026-06-21T06:55:10.004172,11,12
2026-06-21 06:59:03,mediboard,전라남도,0,0,A2600027,의료법인한마음의료재단여수제일병원,2613,D,26,9,9,54228742,1,1,26,2026-06-21T06:55:10.004172,10,10
2026-06-21 06:59:03,mediboard,전라남도,0,0,A2600007,의료법인해민의료재단 세안종합병원,2608,D,26,6,7,54228530,2,2,26,2026-06-21T06:55:10.004172,8,9
2026-06-21 06:59:03,mediboard,전라남도,0,0,A2600035,의료법인행복나눔의료재단장성병원,2617,D,26,4,4,54228630,1,1,26,2026-06-21T06:55:10.004172,5,5
2026-06-21 06:59:03,mediboard,전라남도,0,0,A2600009,의료법인행촌의료재단해남종합병원,2621,D,26,10,10,54228896,1,1,26,2026-06-21T06:55:10.004172,11,11
2026-06-21 06:59:03,mediboard,전라남도,0,0,A2600024,의료법인현경의료재단광양서울병원,2604,D,26,8,9,54228900,1,1,26,2026-06-21T06:55:10.004172,9,10
2026-06-21 06:59:03,mediboard,전라남도,0,0,A2600037,장흥우리병원,2618,D,26,4,4,54228578,1,1,26,2026-06-21T06:55:10.004172,5,5
2026-06-21 06:59:03,mediboard,전라남도,0,0,A2600050,전라남도강진의료원,2601,D,26,8,9,54228799,1,1,26,2026-06-21T06:55:10.004172,9,10
2026-06-21 06:59:03,mediboard,전라남도,0,0,A2600056,전라남도순천의료원,2611,D,26,6,6,54228904,2,2,26,2026-06-21T06:55:10.004172,8,8
2026-06-21 06:59:03,mediboard,전라남도,0,0,A2600040,진도한국병원,2619,D,26,4,4,54228901,1,1,26,2026-06-21T06:55:10.004172,5,5
2026-06-21 06:59:03,mediboard,전라남도,0,0,A2600077,해남우리종합병원,2621,D,26,14,15,54228580,4,4,26,2026-06-21T06:55:10.004172,18,19
2026-06-21 06:59:03,mediboard,전라남도,1,1,A2600001,화순전남대학교병원,2622,C,26,12,16,54228628,7,7,26,2026-06-21T06:55:10.004172,20,24
2026-06-21 06:59:03,mediboard,경상북도,0,0,A2700018,경상북도김천의료원,2706,D,27,10,17,54228751,1,1,27,2026-06-21T06:55:10.004172,11,18
2026-06-21 06:59:03,mediboard,경상북도,0,0,A2700001,경상북도안동의료원,2711,D,27,6,6,54228531,2,2,27,2026-06-21T06:55:10.004172,8,8
2026-06-21 06:59:03,mediboard,경상북도,0,0,A2700005,경상북도포항의료원,2724,D,27,8,8,54228746,2,2,27,2026-06-21T06:55:10.004172,10,10
2026-06-21 06:59:03,mediboard,경상북도,0,0,A2700097,계명대학교경주동산병원,2702,D,27,7,9,54228800,1,1,27,2026-06-21T06:55:10.004172,8,10
2026-06-21 06:59:03,mediboard,경상북도,0,0,A2700015,구미강동병원,2704,D,27,7,7,54228750,3,3,27,2026-06-21T06:55:10.004172,10,10
2026-06-21 06:59:03,mediboard,경상북도,3,3,A2700003,동국대학교의과대학경주병원,2702,C,27,14,16,54228852,7,7,27,2026-06-21T06:55:10.004172,24,26
2026-06-21 06:59:03,mediboard,경상북도,0,0,A2700011,상주적십자병원,2709,D,27,8,9,54228905,1,1,27,2026-06-21T06:55:10.004172,9,10
2026-06-21 06:59:03,mediboard,경상북도,4,4,A2700013,순천향대학교부속구미병원,2704,C,27,8,13,54228634,3,3,27,2026-06-21T06:55:10.004172,15,20
2026-06-21 06:59:03,mediboard,경상북도,0,0,A2700004,안동성소병원,2711,C,27,12,12,54228532,8,8,27,2026-06-21T06:55:10.004172,20,20
2026-06-21 06:59:03,mediboard,경상북도,0,0,A2700008,에스포항병원,2723,D,27,5,6,54228748,1,1,27,2026-06-21T06:55:10.004172,6,7
2026-06-21 06:59:03,mediboard,경상북도,0,0,A2700017,영남대학교의과대학부속영천병원,2715,D,27,8,10,54228692,3,3,27,2026-06-21T06:55:10.004172,11,13
2026-06-21 06:59:03,mediboard,경상북도,0,0,A2700031,영주기독병원,2714,D,27,3,4,54228582,1,1,27,2026-06-21T06:55:10.004172,4,5
2026-06-21 06:59:03,mediboard,경상북도,0,0,A2700020,영주자인병원,2714,D,27,4,4,54228693,1,1,27,2026-06-21T06:55:10.004172,5,5
2026-06-21 06:59:03,mediboard,경상북도,0,0,A2702752,영주적십자병원,2714,D,27,10,10,54228636,1,1,27,2026-06-21T06:55:10.004172,11,11
2026-06-21 06:59:03,mediboard,경상북도,0,0,E2700553,울릉군보건의료원,2717,D,27,3,5,54228538,0,0,27,2026-06-21T06:55:10.004172,3,5
2026-06-21 06:59:03,mediboard,경상북도,0,0,A2700052,울진군의료원,2718,D,27,7,8,54228584,2,2,27,2026-06-21T06:55:10.004172,9,10
2026-06-21 06:59:03,mediboard,경상북도,0,0,A2700019,의)근원의료재단경산중앙병원,2701,D,27,6,10,54228581,2,2,27,2026-06-21T06:55:10.004172,8,12
2026-06-21 06:59:03,mediboard,경상북도,0,0,A2700038,의료법인대남의료재단청도대남병원,2720,D,27,10,10,54228906,0,0,27,2026-06-21T06:55:10.004172,10,10
2026-06-21 06:59:03,mediboard,경상북도,0,0,A2700012,의료법인덕산의료재단김천제일병원,2706,C,27,15,16,54228749,4,4,27,2026-06-21T06:55:10.004172,19,20
2026-06-21 06:59:03,mediboard,경상북도,0,0,A2700006,의료법인동춘의료재단문경제일병원,2707,C,27,15,17,54228747,1,3,27,2026-06-21T06:55:10.004172,16,20
2026-06-21 06:59:03,mediboard,경상북도,0,0,A2700009,의료법인삼백의료재단상주성모병원,2709,D,27,9,9,54228853,1,1,27,2026-06-21T06:55:10.004172,10,10
2026-06-21 06:59:03,mediboard,경상북도,0,0,A2700036,의료법인서명의료재단세명종합병원,2701,D,27,10,13,54228583,2,2,27,2026-06-21T06:55:10.004172,12,15
2026-06-21 06:59:03,mediboard,경상북도,0,0,A2700023,의료법인서준의료재단예천권병원,2716,D,27,6,6,54228635,1,1,27,2026-06-21T06:55:10.004172,7,7
2026-06-21 06:59:03,mediboard,경상북도,0,3,A2700014,의료법인안동병원,2711,A,27,11,17,54228533,5,5,27,2026-06-21T06:55:10.004172,16,25
2026-06-21 06:59:03,mediboard,경상북도,0,0,A2700070,의료법인영암의료재단고령영생병원,2703,D,27,5,5,54228695,1,1,27,2026-06-21T06:55:10.004172,6,6
2026-06-21 06:59:03,mediboard,경상북도,0,0,A2700063,의료법인영제의료재단영남제일병원,2719,D,27,4,5,54228694,1,1,27,2026-06-21T06:55:10.004172,5,6
2026-06-21 06:59:03,mediboard,경상북도,0,0,A2702563,의료법인은성의료재단좋은선린병원,2724,D,27,9,10,54228696,2,2,27,2026-06-21T06:55:10.004172,11,12
2026-06-21 06:59:03,mediboard,경상북도,4,5,A2700007,차의과학대학교부속구미차병원,2704,A,27,12,20,54228633,6,12,27,2026-06-21T06:55:10.004172,22,37
2026-06-21 06:59:03,mediboard,경상북도,0,0,E2700554,청송군보건의료원,2721,D,27,4,5,54228760,1,1,27,2026-06-21T06:55:10.004172,5,6
2026-06-21 06:59:03,mediboard,경상북도,11,11,A2700016,포항성모병원,2723,A,27,14,20,54228691,5,15,27,2026-06-21T06:55:10.004172,30,46
2026-06-21 06:59:03,mediboard,경상북도,0,0,A2700002,포항세명기독병원,2723,C,27,10,15,54228632,10,10,27,2026-06-21T06:55:10.004172,20,25
2026-06-21 06:59:03,mediboard,경상남도,0,0,A2800032,강병원,2803,D,28,8,9,54228803,1,1,28,2026-06-21T06:55:10.004172,9,10
2026-06-21 06:59:03,mediboard,경상남도,0,0,A2803677,강일병원,2804,D,28,8,8,54228641,3,3,28,2026-06-21T06:55:10.004172,11,11
2026-06-21 06:59:03,mediboard,경상남도,0,0,A2800076,거창적십자병원,2802,D,28,9,9,54228806,1,1,28,2026-06-21T06:55:10.004172,10,10
2026-06-21 06:59:03,mediboard,경상남도,3,3,A2800001,경상국립대학교병원,2811,A,28,19,30,54228854,5,5,28,2026-06-21T06:55:10.004172,27,38
2026-06-21 06:59:03,mediboard,경상남도,0,0,A2800025,경상남도마산의료원,2813,D,28,12,13,54228639,2,2,28,2026-06-21T06:55:10.004172,14,15
2026-06-21 06:59:03,mediboard,경상남도,0,0,A2800113,밀양병원,2806,D,28,7,8,54228859,1,1,28,2026-06-21T06:55:10.004172,8,9
2026-06-21 06:59:03,mediboard,경상남도,0,0,A2800084,반도병원,2811,D,28,7,7,54228757,1,1,28,2026-06-21T06:55:10.004172,8,8
2026-06-21 06:59:03,mediboard,경상남도,0,0,A2800019,베데스다복음병원,2809,D,28,8,9,54228856,1,1,28,2026-06-21T06:55:10.004172,9,10
2026-06-21 06:59:03,mediboard,경상남도,0,0,E2800380,산청군보건의료원,2808,D,28,5,5,54228645,1,1,28,2026-06-21T06:55:10.004172,6,6
2026-06-21 06:59:03,mediboard,경상남도,0,0,A2800055,삼성합천병원,2822,D,28,3,4,54228804,1,1,28,2026-06-21T06:55:10.004172,4,5
2026-06-21 06:59:03,mediboard,경상남도,0,0,A2800101,삼천포제일병원,2807,D,28,8,8,54228640,2,2,28,2026-06-21T06:55:10.004172,10,10
2026-06-21 06:59:03,mediboard,경상남도,0,0,A2800092,새통영병원,2818,D,28,8,9,54228587,1,1,28,2026-06-21T06:55:10.004172,9,10
2026-06-21 06:59:03,mediboard,경상남도,4,10,A2800011,양산부산대학교병원,2809,A,28,13,23,54228697,7,8,28,2026-06-21T06:55:10.004172,22,39
2026-06-21 06:59:03,mediboard,경상남도,0,0,A2804593,양산성모병원,2809,D,28,12,13,54228642,1,1,28,2026-06-21T06:55:10.004172,13,14
2026-06-21 06:59:03,mediboard,경상남도,0,0,A2800021,연세에스병원,2817,D,28,7,9,54228586,1,1,28,2026-06-21T06:55:10.004172,8,10
2026-06-21 06:59:03,mediboard,경상남도,0,0,A2800090,의령병원,2810,D,28,4,4,54228699,1,1,28,2026-06-21T06:55:10.004172,5,5
2026-06-21 06:59:03,mediboard,경상남도,0,0,A2800008,의료법인 거붕 백병원,2801,D,28,8,9,54228753,1,1,28,2026-06-21T06:55:10.004172,9,10
2026-06-21 06:59:03,mediboard,경상남도,0,0,A2800005,의료법인 대우의료재단대우병원,2801,D,28,5,9,54228534,0,1,28,2026-06-21T06:55:10.004172,5,10
2026-06-21 06:59:03,mediboard,경상남도,0,0,A2800015,의료법인 문병욱의료재단 진주고려병원,2811,D,28,7,10,54228855,1,1,28,2026-06-21T06:55:10.004172,8,11
2026-06-21 06:59:03,mediboard,경상남도,0,0,A2800022,의료법인 성념의료재단맑은샘병원,2801,D,28,7,9,54228907,1,1,28,2026-06-21T06:55:10.004172,8,10
2026-06-21 06:59:03,mediboard,경상남도,0,0,A2800094,의료법인 이도의료재단 남해병원,2805,D,28,7,8,54228700,2,2,28,2026-06-21T06:55:10.004172,9,10
2026-06-21 06:59:03,mediboard,경상남도,0,0,A2800014,의료법인갑을의료재단 갑을장유병원,2804,D,28,8,9,54228755,1,1,28,2026-06-21T06:55:10.004172,9,10
2026-06-21 06:59:03,mediboard,경상남도,0,0,A2800006,의료법인숭인의료재단 김해복음병원,2804,C,28,13,16,54228801,4,4,28,2026-06-21T06:55:10.004172,17,20
2026-06-21 06:59:03,mediboard,경상남도,0,0,A2800068,의료법인승연의료재단 삼천포서울병원,2807,D,28,8,9,54228805,1,1,28,2026-06-21T06:55:10.004172,9,10
2026-06-21 06:59:03,mediboard,경상남도,0,0,A2800009,의료법인청아의료재단청아병원,2814,D,28,8,9,54228754,1,1,28,2026-06-21T06:55:10.004172,9,10
2026-06-21 06:59:03,mediboard,경상남도,0,0,A2800017,의료법인합포의료재단에스엠지연세병원,2813,C,28,15,17,54228698,3,3,28,2026-06-21T06:55:10.004172,18,20
2026-06-21 06:59:03,mediboard,경상남도,0,0,A2800010,의료법인환명의료재단 조은금강병원,2804,C,28,15,17,54228638,3,3,28,2026-06-21T06:55:10.004172,18,20
2026-06-21 06:59:03,mediboard,경상남도,0,0,A2800003,제일병원,2811,C,28,16,17,54228637,3,3,28,2026-06-21T06:55:10.004172,19,20
2026-06-21 06:59:03,mediboard,경상남도,0,0,A2800037,진주복음병원,2811,D,28,9,9,54228535,1,1,28,2026-06-21T06:55:10.004172,10,10
2026-06-21 06:59:03,mediboard,경상남도,0,0,A2803505,창원경상국립대학교병원,2815,C,28,15,18,54228588,3,10,28,2026-06-21T06:55:10.004172,18,28
2026-06-21 06:59:03,mediboard,경상남도,0,0,A2800004,창원파티마병원,2816,C,28,16,17,54228752,3,3,28,2026-06-21T06:55:10.004172,19,20
2026-06-21 06:59:03,mediboard,경상남도,0,0,A2800007,창원한마음병원,2816,C,28,15,21,54228802,4,4,28,2026-06-21T06:55:10.004172,19,25
2026-06-21 06:59:03,mediboard,경상남도,0,0,A2800062,태황의료재단한성병원,2812,D,28,7,9,54228858,1,1,28,2026-06-21T06:55:10.004172,8,10
2026-06-21 06:59:03,mediboard,경상남도,3,3,A2800020,학교법인성균관대학삼성창원병원,2814,A,28,13,18,54228585,5,5,28,2026-06-21T06:55:10.004172,21,26
2026-06-21 06:59:03,mediboard,경상남도,0,0,A2800043,한일병원,2811,C,28,15,17,54228857,3,3,28,2026-06-21T06:55:10.004172,18,20
2026-06-21 06:59:03,mediboard,경상남도,0,0,A2800080,함양성심병원,2821,D,28,3,4,54228756,1,1,28,2026-06-21T06:55:10.004172,4,5
2026-06-21 06:59:03,mediboard,제주특별자치도,0,0,A2900003,의료법인 혜인의료재단 한국병원,2902,D,29,7,9,54228807,1,1,29,2026-06-21T06:55:10.004172,8,10
2026-06-21 06:59:03,mediboard,제주특별자치도,1,1,A2900006,의료법인중앙의료재단중앙병원,2902,C,29,14,16,54228643,3,3,29,2026-06-21T06:55:10.004172,18,20
2026-06-21 06:59:03,mediboard,제주특별자치도,0,0,A2900007,제주대학교병원,2902,C,29,9,20,54228758,3,6,29,2026-06-21T06:55:10.004172,12,26
2026-06-21 06:59:03,mediboard,제주특별자치도,3,4,A2900002,제주특별자치도서귀포의료원,2901,C,29,12,16,54228589,5,5,29,2026-06-21T06:55:10.004172,20,25
2026-06-21 06:59:03,mediboard,제주특별자치도,3,3,A2900001,제주한라병원,2902,A,29,14,17,54228908,5,5,29,2026-06-21T06:55:10.004172,22,25
2026-06-21 06:59:03,mediboard,제주특별자치도,0,0,A2900005,한마음병원,2902,C,29,11,17,54228860,3,3,29,2026-06-21T06:55:10.004172,14,20
2026-06-21 08:08:13,mediboard,서울특별시,0,0,A1100011,가톨릭대학교여의도성모병원,1120,C,11,12,15,54234500,5,5,11,2026-06-21T08:05:10.005512,17,20
2026-06-21 08:08:13,mediboard,서울특별시,8,8,A1121013,가톨릭대학교은평성모병원,1122,C,11,16,24,54234721,3,4,11,2026-06-21T08:05:10.005512,27,36
2026-06-21 08:08:13,mediboard,서울특별시,3,3,A1100043,강동경희대학교병원,1102,A,11,8,15,54234394,3,5,11,2026-06-21T08:05:10.005512,14,23
2026-06-21 08:08:13,mediboard,서울특별시,2,2,A1100006,강북삼성병원,1123,C,11,5,15,54234715,3,3,11,2026-06-21T08:05:10.005512,10,20
2026-06-21 08:08:13,mediboard,서울특별시,4,4,A1100002,건국대학교병원,1106,C,11,12,20,54234613,3,3,11,2026-06-21T08:05:10.005512,19,27
2026-06-21 08:08:13,mediboard,서울특별시,0,0,A1100039,경찰병원,1118,D,11,3,3,54234618,2,2,11,2026-06-21T08:05:10.005512,5,5
2026-06-21 08:08:13,mediboard,서울특별시,3,3,A1100001,경희대학교병원,1111,C,11,9,15,54234555,5,5,11,2026-06-21T08:05:10.005512,17,23
2026-06-21 08:08:13,mediboard,서울특별시,2,3,A1100014,고려대학교의과대학부속구로병원,1107,A,11,16,29,54234501,4,5,11,2026-06-21T08:05:10.005512,22,37
2026-06-21 08:08:13,mediboard,서울특별시,0,0,A1100026,구로성심병원,1107,D,11,6,9,54234718,1,1,11,2026-06-21T08:05:10.005512,7,10
2026-06-21 08:08:13,mediboard,서울특별시,3,3,A1100052,국립중앙의료원,1124,C,11,15,17,54234665,10,10,11,2026-06-21T08:05:10.005512,28,30
2026-06-21 08:08:13,mediboard,서울특별시,0,0,A1122033,기쁨병원,1115,D,11,3,4,54234348,1,1,11,2026-06-21T08:05:10.005512,4,5
2026-06-21 08:08:13,mediboard,서울특별시,0,0,A1100048,노원을지대학교병원,1109,C,11,15,17,54234346,5,5,11,2026-06-21T08:05:10.005512,20,22
2026-06-21 08:08:13,mediboard,서울특별시,0,0,A1100044,녹색병원,1125,D,11,4,5,54234664,5,5,11,2026-06-21T08:05:10.005512,9,10
2026-06-21 08:08:13,mediboard,서울특별시,0,0,A1100037,대림성모병원,1120,D,11,7,8,54234504,2,2,11,2026-06-21T08:05:10.005512,9,10
2026-06-21 08:08:13,mediboard,서울특별시,0,0,A1100024,명지성모병원,1120,D,11,8,8,54234344,2,2,11,2026-06-21T08:05:10.005512,10,10
2026-06-21 08:08:13,mediboard,서울특별시,0,0,A1100036,부민병원,1104,D,11,9,10,54234719,1,1,11,2026-06-21T08:05:10.005512,10,11
2026-06-21 08:08:13,mediboard,서울특별시,2,4,A1100010,삼성서울병원,1101,C,11,5,52,54234614,4,4,11,2026-06-21T08:05:10.005512,11,60
2026-06-21 08:08:13,mediboard,서울특별시,0,0,A1100021,삼육서울병원,1111,C,11,10,13,54234615,5,7,11,2026-06-21T08:05:10.005512,15,20
2026-06-21 08:08:13,mediboard,서울특별시,11,12,A1100017,서울대학교병원,1123,A,11,-6,24,54234343,8,8,11,2026-06-21T08:05:10.005512,11,42
2026-06-21 08:08:13,mediboard,서울특별시,0,0,A1100050,서울성심병원,1111,D,11,15,17,54234619,3,3,11,2026-06-21T08:05:10.005512,18,20
2026-06-21 08:08:13,mediboard,서울특별시,0,0,A1100029,서울적십자병원,1123,D,11,8,10,54234445,1,1,11,2026-06-21T08:05:10.005512,9,11
2026-06-21 08:08:13,mediboard,서울특별시,0,0,A1100022,서울특별시동부병원,1111,D,11,5,8,54234391,2,2,11,2026-06-21T08:05:10.005512,7,10
2026-06-21 08:08:13,mediboard,서울특별시,3,3,A1100040,서울특별시보라매병원,1112,C,11,17,31,54234446,3,3,11,2026-06-21T08:05:10.005512,23,37
2026-06-21 08:08:13,mediboard,서울특별시,0,0,A1100223,서울특별시서남병원,1119,D,11,5,6,54234395,2,2,11,2026-06-21T08:05:10.005512,7,8
2026-06-21 08:08:13,mediboard,서울특별시,3,3,A1100035,서울특별시서울의료원,1125,A,11,10,19,54234617,5,5,11,2026-06-21T08:05:10.005512,18,27
2026-06-21 08:08:13,mediboard,서울특별시,0,0,A1100028,성심의료재단강동성심병원,1102,C,11,7,15,54234616,9,9,11,2026-06-21T08:05:10.005512,16,24
2026-06-21 08:08:13,mediboard,서울특별시,0,0,A1100054,성애의료재단성애병원,1120,C,11,10,15,54234666,5,11,11,2026-06-21T08:05:10.005512,15,26
2026-06-21 08:08:13,mediboard,서울특별시,0,0,A1100032,세란병원,1123,D,11,8,10,54234503,1,1,11,2026-06-21T08:05:10.005512,9,11
2026-06-21 08:08:13,mediboard,서울특별시,4,4,A1100004,순천향대학교부속서울병원,1121,C,11,16,20,54234499,3,3,11,2026-06-21T08:05:10.005512,23,27
2026-06-21 08:08:13,mediboard,서울특별시,0,0,A1100045,씨엠병원,1120,D,11,8,10,54234559,0,0,11,2026-06-21T08:05:10.005512,8,10
2026-06-21 08:08:13,mediboard,서울특별시,2,2,A1100015,연세대학교의과대학강남세브란스병원,1101,C,11,9,21,54234717,2,3,11,2026-06-21T08:05:10.005512,13,26
2026-06-21 08:08:13,mediboard,서울특별시,4,10,A1100007,연세대학교의과대학세브란스병원,1114,C,11,18,39,54234661,6,6,11,2026-06-21T08:05:10.005512,26,53
2026-06-21 08:08:13,mediboard,서울특별시,0,0,A1100025,의료법인동신의료재단동신병원,1114,D,11,6,9,54234663,1,1,11,2026-06-21T08:05:10.005512,7,10
2026-06-21 08:08:13,mediboard,서울특별시,0,0,A1100041,의료법인서울효천의료재단에이치플러스양지병원,1105,C,11,11,18,54234393,3,3,11,2026-06-21T08:05:10.005512,14,21
2026-06-21 08:08:13,mediboard,서울특별시,0,0,A1100023,의료법인청구성심병원,1122,D,11,10,10,54234392,1,1,11,2026-06-21T08:05:10.005512,11,11
2026-06-21 08:08:13,mediboard,서울특별시,0,0,A1100075,의료법인풍산의료재단동부제일병원,1125,D,11,7,7,54234347,1,1,11,2026-06-21T08:05:10.005512,8,8
2026-06-21 08:08:13,mediboard,서울특별시,2,2,A1100020,의료법인한전의료재단한일병원,1110,C,11,11,21,54234558,4,4,11,2026-06-21T08:05:10.005512,17,27
2026-06-21 08:08:13,mediboard,서울특별시,8,8,A1100005,이화여자대학교의과대학부속목동병원,1119,A,11,18,19,54234660,6,6,11,2026-06-21T08:05:10.005512,32,33
2026-06-21 08:08:13,mediboard,서울특별시,0,9,A1120796,이화여자대학교의과대학부속서울병원,1104,C,11,6,14,54234620,6,6,11,2026-06-21T08:05:10.005512,12,29
2026-06-21 08:08:13,mediboard,서울특별시,0,0,A1100016,인제대학교상계백병원,1109,C,11,10,16,54234662,6,7,11,2026-06-21T08:05:10.005512,16,23
2026-06-21 08:08:13,mediboard,서울특별시,9,14,A1100009,재단법인아산사회복지재단서울아산병원,1118,C,11,14,36,54234557,19,26,11,2026-06-21T08:05:10.005512,39,73
2026-06-21 08:08:13,mediboard,서울특별시,4,4,A1100003,중앙대학교병원,1112,C,11,7,18,54234498,0,0,11,2026-06-21T08:05:10.005512,11,22
2026-06-21 08:08:13,mediboard,서울특별시,6,9,A1100012,학교법인가톨릭학원가톨릭대학교서울성모병원,1115,C,11,6,28,54234444,6,8,11,2026-06-21T08:05:10.005512,17,43
2026-06-21 08:08:13,mediboard,서울특별시,4,4,A1100008,학교법인고려중앙학원고려대학교의과대학부속병원(안암병원),1117,A,11,24,30,54234556,7,9,11,2026-06-21T08:05:10.005512,35,43
2026-06-21 08:08:13,mediboard,서울특별시,0,0,A1100053,한국보훈복지의료공단중앙보훈병원,1102,C,11,19,22,54234505,3,3,11,2026-06-21T08:05:10.005512,22,25
2026-06-21 08:08:13,mediboard,서울특별시,0,0,A1100027,한국원자력의학원원자력병원,1109,D,11,9,9,54234345,3,3,11,2026-06-21T08:05:10.005512,12,12
2026-06-21 08:08:13,mediboard,서울특별시,3,3,A1100055,한림대학교강남성심병원,1120,C,11,17,20,54234561,5,5,11,2026-06-21T08:05:10.005512,25,28
2026-06-21 08:08:13,mediboard,서울특별시,3,3,A1100013,한양대학교병원,1116,A,11,15,20,54234716,10,12,11,2026-06-21T08:05:10.005512,28,35
2026-06-21 08:08:13,mediboard,서울특별시,0,0,A1100051,혜민병원,1106,D,11,7,9,54234560,1,1,11,2026-06-21T08:05:10.005512,8,10
2026-06-21 08:08:13,mediboard,서울특별시,0,0,A1100019,홍익병원,1119,D,11,5,9,54234502,1,1,11,2026-06-21T08:05:10.005512,6,10
2026-06-21 08:08:13,mediboard,서울특별시,0,0,A1100049,희명병원,1108,D,11,8,10,54234720,1,1,11,2026-06-21T08:05:10.005512,9,11
2026-06-21 08:08:13,mediboard,부산광역시,0,0,A1200028,(의)서일의료재단기장병원,1203,D,12,5,9,54234622,1,1,12,2026-06-21T08:05:10.005512,6,10
2026-06-21 08:08:13,mediboard,부산광역시,0,0,A1200004,고신대학교복음병원,1211,C,12,18,25,54234396,5,5,12,2026-06-21T08:05:10.005512,23,30
2026-06-21 08:08:13,mediboard,부산광역시,0,0,A1200045,구포성심병원,1208,D,12,8,9,54234451,1,1,12,2026-06-21T08:05:10.005512,9,10
2026-06-21 08:08:13,mediboard,부산광역시,3,3,A1200018,대동병원,1206,C,12,10,15,54234508,3,3,12,2026-06-21T08:05:10.005512,16,21
2026-06-21 08:08:13,mediboard,부산광역시,0,0,A1200015,동남권원자력의학원원자력병원,1203,D,12,9,9,54234565,1,1,12,2026-06-21T08:05:10.005512,10,10
2026-06-21 08:08:13,mediboard,부산광역시,0,0,A1200011,동래봉생병원,1206,D,12,6,8,54234669,2,2,12,2026-06-21T08:05:10.005512,8,10
2026-06-21 08:08:13,mediboard,부산광역시,3,3,A1200003,동아대학교병원,1211,A,12,16,19,54234722,5,5,12,2026-06-21T08:05:10.005512,24,27
2026-06-21 08:08:13,mediboard,부산광역시,0,0,A1200024,부산광역시의료원,1213,D,12,17,18,54234671,2,8,12,2026-06-21T08:05:10.005512,19,26
2026-06-21 08:08:13,mediboard,부산광역시,3,3,A1200002,부산대학교병원,1211,C,12,14,19,54234349,2,3,12,2026-06-21T08:05:10.005512,19,25
2026-06-21 08:08:13,mediboard,부산광역시,4,4,A1200013,부산성모병원(재단법인 천주교부산교구유지재단),1204,D,12,6,10,54234564,5,5,12,2026-06-21T08:05:10.005512,15,19
2026-06-21 08:08:13,mediboard,부산광역시,0,0,A1200007,비에이치에스한서병원,1212,C,12,13,17,54234563,3,3,12,2026-06-21T08:05:10.005512,16,20
2026-06-21 08:08:13,mediboard,부산광역시,0,0,A1200021,삼육부산병원,1211,D,12,3,9,54234449,1,1,12,2026-06-21T08:05:10.005512,4,10
2026-06-21 08:08:13,mediboard,부산광역시,0,0,A1200014,영도병원,1214,D,12,6,7,54234448,2,2,12,2026-06-21T08:05:10.005512,8,9
2026-06-21 08:08:13,mediboard,부산광역시,0,0,A1200009,의료법인 광혜의료재단 광혜병원,1206,D,12,7,9,54234668,3,3,12,2026-06-21T08:05:10.005512,10,12
2026-06-21 08:08:13,mediboard,부산광역시,0,0,A1200098,의료법인 센텀의료재단 센텀종합병원,1212,D,12,9,9,54234566,1,1,12,2026-06-21T08:05:10.005512,10,10
2026-06-21 08:08:13,mediboard,부산광역시,0,0,A1200020,의료법인 온그룹의료재단 온병원,1207,C,12,16,20,54234350,3,3,12,2026-06-21T08:05:10.005512,19,23
2026-06-21 08:08:13,mediboard,부산광역시,0,0,A1200008,의료법인 은성의료재단 좋은강안병원,1212,D,12,10,15,54234506,2,2,12,2026-06-21T08:05:10.005512,12,17
2026-06-21 08:08:13,mediboard,부산광역시,1,1,A1200005,의료법인 은성의료재단 좋은삼선병원,1209,C,12,12,13,54234447,6,6,12,2026-06-21T08:05:10.005512,19,20
2026-06-21 08:08:13,mediboard,부산광역시,0,0,A1200006,의료법인 인당의료재단 부민병원,1208,D,12,8,10,54234667,2,2,12,2026-06-21T08:05:10.005512,10,12
2026-06-21 08:08:13,mediboard,부산광역시,0,0,A1205143,의료법인 인당의료재단 해운대부민병원,1216,D,12,7,9,54234623,1,1,12,2026-06-21T08:05:10.005512,8,10
2026-06-21 08:08:13,mediboard,부산광역시,0,0,A1200012,의료법인 행도의료재단 해동병원,1214,D,12,4,6,54234397,1,1,12,2026-06-21T08:05:10.005512,5,7
2026-06-21 08:08:13,mediboard,부산광역시,0,0,A1200017,의료법인정화의료재단 봉생기념병원,1205,D,12,6,9,54234507,0,2,12,2026-06-21T08:05:10.005512,6,11
2026-06-21 08:08:13,mediboard,부산광역시,3,3,A1200022,인제대학교 해운대백병원,1216,A,12,18,29,54234621,4,5,12,2026-06-21T08:05:10.005512,25,37
2026-06-21 08:08:13,mediboard,부산광역시,0,0,A1200001,인제대학교부산백병원,1207,C,12,29,32,54234562,3,3,12,2026-06-21T08:05:10.005512,32,35
2026-06-21 08:08:13,mediboard,부산광역시,0,0,A1200023,재단법인천주교부산교구유지재단 메리놀병원,1215,D,12,7,9,54234450,1,1,12,2026-06-21T08:05:10.005512,8,10
2026-06-21 08:08:13,mediboard,부산광역시,2,2,A1200026,좋은문화병원,1205,D,12,4,7,54234352,3,3,12,2026-06-21T08:05:10.005512,9,12
2026-06-21 08:08:13,mediboard,부산광역시,0,0,A1200025,학교법인 춘해병원,1207,D,12,7,9,54234351,1,1,12,2026-06-21T08:05:10.005512,8,10
2026-06-21 08:08:13,mediboard,부산광역시,0,0,A1200019,학교법인)동의병원,1207,D,12,10,14,54234398,1,1,12,2026-06-21T08:05:10.005512,11,15
2026-06-21 08:08:13,mediboard,부산광역시,0,0,A1200016,한국보훈복지의료공단 부산보훈병원,1209,D,12,6,11,54234670,1,2,12,2026-06-21T08:05:10.005512,7,13
2026-06-21 08:08:13,mediboard,인천광역시,0,0,A1300081,(재)미리내천주성삼성직수도회천주성삼병원,1307,D,13,9,9,54234568,1,2,13,2026-06-21T08:05:10.005512,10,11
2026-06-21 08:08:13,mediboard,인천광역시,0,0,A1300018,강남종합병원,1304,D,13,14,15,54234676,1,1,13,2026-06-21T08:05:10.005512,15,16
2026-06-21 08:08:13,mediboard,인천광역시,4,4,A1300002,경북대학교병원,1308,A,13,19,27,54234672,5,5,13,2026-06-21T08:05:10.005512,28,36
2026-06-21 08:08:13,mediboard,인천광역시,0,0,A1303386,계명대학교대구동산병원,1308,D,13,9,12,54234400,2,2,13,2026-06-21T08:05:10.005512,11,14
2026-06-21 08:08:13,mediboard,인천광역시,0,0,A1300003,계명대학교동산병원,1302,C,13,10,23,54234353,1,3,13,2026-06-21T08:05:10.005512,11,26
2026-06-21 08:08:13,mediboard,인천광역시,0,0,A1300008,곽병원,1308,D,13,7,10,54234675,2,2,13,2026-06-21T08:05:10.005512,9,12
2026-06-21 08:08:13,mediboard,인천광역시,0,0,A1300038,나사렛종합병원,1302,D,13,5,9,54234723,2,10,13,2026-06-21T08:05:10.005512,7,19
2026-06-21 08:08:13,mediboard,인천광역시,0,0,A1300004,대구가톨릭대학교병원,1301,C,13,15,24,54234453,4,4,13,2026-06-21T08:05:10.005512,19,28
2026-06-21 08:08:13,mediboard,인천광역시,0,0,A1300005,대구가톨릭대학교칠곡가톨릭병원,1305,D,13,7,9,54234673,1,1,13,2026-06-21T08:05:10.005512,8,10
2026-06-21 08:08:13,mediboard,인천광역시,0,0,A1300076,대구굿모닝병원,1306,D,13,15,17,54234677,2,2,13,2026-06-21T08:05:10.005512,17,19
2026-06-21 08:08:13,mediboard,인천광역시,0,0,A1300007,대구의료원,1306,D,13,16,18,54234674,2,2,13,2026-06-21T08:05:10.005512,18,20
2026-06-21 08:08:13,mediboard,인천광역시,1,5,A1300009,대구파티마병원,1304,C,13,0,25,54234454,7,7,13,2026-06-21T08:05:10.005512,8,37
2026-06-21 08:08:13,mediboard,인천광역시,0,0,A1300110,더블유병원,1302,D,13,9,10,54234509,1,1,13,2026-06-21T08:05:10.005512,10,11
2026-06-21 08:08:13,mediboard,인천광역시,0,0,A1300034,드림종합병원,1301,D,13,8,8,54234567,2,2,13,2026-06-21T08:05:10.005512,10,10
2026-06-21 08:08:13,mediboard,인천광역시,0,0,A1300045,삼일병원,1302,D,13,11,14,54234456,1,1,13,2026-06-21T08:05:10.005512,12,15
2026-06-21 08:08:13,mediboard,인천광역시,3,3,A1300001,영남대학교병원,1301,A,13,23,28,54234452,5,5,13,2026-06-21T08:05:10.005512,31,36
2026-06-21 08:08:13,mediboard,인천광역시,0,0,A1300006,의료법인구의료재단구병원,1302,D,13,7,10,54234399,1,1,13,2026-06-21T08:05:10.005512,8,11
2026-06-21 08:08:13,mediboard,인천광역시,8,9,A1300010,칠곡경북대학교병원,1305,C,13,16,23,54234624,6,6,13,2026-06-21T08:05:10.005512,28,36
2026-06-21 08:08:13,mediboard,인천광역시,0,0,A1300011,한국보훈복지의료공단대구보훈병원,1302,D,13,12,12,54234455,2,2,13,2026-06-21T08:05:10.005512,14,14
2026-06-21 08:08:13,mediboard,대구광역시,0,0,A1400008,(의)성세의료재단 뉴성민병원,1407,D,14,8,9,54234402,1,1,14,2026-06-21T08:05:10.005512,9,10
2026-06-21 08:08:13,mediboard,대구광역시,2,3,A1400015,가톨릭관동대학교국제성모병원,1407,C,14,6,23,54234512,5,5,14,2026-06-21T08:05:10.005512,13,31
2026-06-21 08:08:13,mediboard,대구광역시,4,4,A1400012,가톨릭대학교 인천성모병원,1406,C,14,6,19,54234626,8,8,14,2026-06-21T08:05:10.005512,18,31
2026-06-21 08:08:13,mediboard,대구광역시,0,0,A1400010,검단탑병원,1407,C,14,15,18,54234354,3,3,14,2026-06-21T08:05:10.005512,18,21
2026-06-21 08:08:13,mediboard,대구광역시,0,0,A1403617,비에스종합병원,1401,D,14,9,10,54234571,1,1,14,2026-06-21T08:05:10.005512,10,11
2026-06-21 08:08:13,mediboard,대구광역시,0,0,A1400013,안은의료재단 부평세림병원,1406,C,14,14,16,54234511,4,4,14,2026-06-21T08:05:10.005512,18,20
2026-06-21 08:08:13,mediboard,대구광역시,0,0,A1400005,온누리병원,1407,D,14,8,9,54234625,2,2,14,2026-06-21T08:05:10.005512,10,11
2026-06-21 08:08:13,mediboard,대구광역시,11,11,A1400001,의료법인 길의료재단 길병원,1404,A,14,9,25,54234678,5,7,14,2026-06-21T08:05:10.005512,23,41
2026-06-21 08:08:13,mediboard,대구광역시,0,0,A1400011,의료법인 나사렛의료재단 나사렛국제병원,1408,C,14,14,17,54234355,3,5,14,2026-06-21T08:05:10.005512,17,22
2026-06-21 08:08:13,mediboard,대구광역시,0,0,A1400003,의료법인 루가의료재단 나은병원,1407,C,14,7,11,54234401,10,10,14,2026-06-21T08:05:10.005512,17,21
2026-06-21 08:08:13,mediboard,대구광역시,0,0,A1400007,의료법인 성수의료재단 인천백병원,1405,D,14,3,5,54234510,1,1,14,2026-06-21T08:05:10.005512,4,6
2026-06-21 08:08:13,mediboard,대구광역시,0,0,A1400014,의료법인인성의료재단한림병원,1402,C,14,12,17,54234627,4,4,14,2026-06-21T08:05:10.005512,16,21
2026-06-21 08:08:13,mediboard,대구광역시,0,0,A1400017,인천광역시의료원,1405,D,14,15,15,54234404,2,2,14,2026-06-21T08:05:10.005512,17,17
2026-06-21 08:08:13,mediboard,대구광역시,0,0,A1400037,인천광역시의료원백령병원,1409,D,14,5,5,54234514,1,1,14,2026-06-21T08:05:10.005512,6,6
2026-06-21 08:08:13,mediboard,대구광역시,0,0,A1400009,인천기독병원,1410,D,14,7,8,54234403,1,1,14,2026-06-21T08:05:10.005512,8,9
2026-06-21 08:08:13,mediboard,대구광역시,0,0,A1400016,인천사랑병원,1403,C,14,11,14,54234569,6,7,14,2026-06-21T08:05:10.005512,17,21
2026-06-21 08:08:13,mediboard,대구광역시,0,0,A1403372,인천세종병원,1402,C,14,17,18,54234570,3,3,14,2026-06-21T08:05:10.005512,20,21
2026-06-21 08:08:13,mediboard,대구광역시,0,0,A1400018,인천적십자병원,1408,D,14,7,8,54234513,2,2,14,2026-06-21T08:05:10.005512,9,10
2026-06-21 08:08:13,mediboard,대구광역시,0,0,A1403871,인천힘찬종합병원,1404,D,14,15,17,54234628,3,6,14,2026-06-21T08:05:10.005512,18,23
2026-06-21 08:08:13,mediboard,대구광역시,7,9,A1400002,인하대학교의과대학부속병원,1410,A,14,9,20,54234457,7,9,14,2026-06-21T08:05:10.005512,22,36
2026-06-21 08:08:13,mediboard,대구광역시,0,0,A1400004,현대유비스병원,1403,D,14,14,18,54234679,1,1,14,2026-06-21T08:05:10.005512,15,19
2026-06-21 08:08:13,mediboard,광주광역시,7,7,A1500019,KS병원,1501,C,15,7,15,54234629,3,3,15,2026-06-21T08:05:10.005512,17,25
2026-06-21 08:08:13,mediboard,광주광역시,0,0,A1500021,광주기독병원,1502,C,15,9,20,54234630,3,6,15,2026-06-21T08:05:10.005512,12,26
2026-06-21 08:08:13,mediboard,광주광역시,0,0,A1500015,광주병원,1504,D,15,4,10,54234358,1,1,15,2026-06-21T08:05:10.005512,5,11
2026-06-21 08:08:13,mediboard,광주광역시,0,0,A1500004,광주보훈병원,1501,D,15,12,14,54234458,2,2,15,2026-06-21T08:05:10.005512,14,16
2026-06-21 08:08:13,mediboard,광주광역시,0,0,A1502007,광주센트럴병원,1501,D,15,9,10,54234683,1,1,15,2026-06-21T08:05:10.005512,10,11
2026-06-21 08:08:13,mediboard,광주광역시,0,0,A1500018,광주수완병원,1501,D,15,8,9,54234359,0,1,15,2026-06-21T08:05:10.005512,8,10
2026-06-21 08:08:13,mediboard,광주광역시,0,0,A1500009,광주씨티병원,1502,D,15,8,10,54234356,1,1,15,2026-06-21T08:05:10.005512,9,11
2026-06-21 08:08:13,mediboard,광주광역시,0,0,A1500005,광주일곡병원,1504,D,15,9,9,54234724,1,1,15,2026-06-21T08:05:10.005512,10,10
2026-06-21 08:08:13,mediboard,광주광역시,0,0,A1500016,광주한국병원,1505,D,15,11,15,54234574,1,1,15,2026-06-21T08:05:10.005512,12,16
2026-06-21 08:08:13,mediboard,광주광역시,0,0,A1500003,광주현대병원,1504,D,15,6,9,54234572,2,2,15,2026-06-21T08:05:10.005512,8,11
2026-06-21 08:08:13,mediboard,광주광역시,0,0,A1500007,광주희망병원,1504,D,15,6,9,54234405,1,1,15,2026-06-21T08:05:10.005512,7,10
2026-06-21 08:08:13,mediboard,광주광역시,0,0,A1500013,동아병원,1502,D,15,8,9,54234357,1,1,15,2026-06-21T08:05:10.005512,9,10
2026-06-21 08:08:13,mediboard,광주광역시,0,0,A1500014,미래로21병원,1505,D,15,7,9,54234573,1,1,15,2026-06-21T08:05:10.005512,8,10
2026-06-21 08:08:13,mediboard,광주광역시,0,0,A1500022,상무병원,1505,D,15,8,9,54234682,1,1,15,2026-06-21T08:05:10.005512,9,10
2026-06-21 08:08:13,mediboard,광주광역시,2,2,A1500020,서광병원,1505,C,15,17,18,54234727,3,3,15,2026-06-21T08:05:10.005512,22,23
2026-06-21 08:08:13,mediboard,광주광역시,0,0,A1500006,신가병원,1501,D,15,8,9,54234725,2,2,15,2026-06-21T08:05:10.005512,10,11
2026-06-21 08:08:13,mediboard,광주광역시,0,0,A1500010,운암한국병원,1504,D,15,9,9,54234681,1,1,15,2026-06-21T08:05:10.005512,10,10
2026-06-21 08:08:13,mediboard,광주광역시,3,4,A1500002,전남대학교병원,1503,A,15,18,28,54234680,3,7,15,2026-06-21T08:05:10.005512,24,39
2026-06-21 08:08:13,mediboard,광주광역시,4,4,A1500001,조선대학교병원,1503,A,15,15,23,54234515,5,5,15,2026-06-21T08:05:10.005512,24,32
2026-06-21 08:08:13,mediboard,광주광역시,0,0,A1500011,첨단종합병원,1501,C,15,17,22,54234726,3,3,15,2026-06-21T08:05:10.005512,20,25
2026-06-21 08:08:13,mediboard,광주광역시,0,0,A1500017,하남성심병원,1501,D,15,19,19,54234516,1,2,15,2026-06-21T08:05:10.005512,20,21
2026-06-21 08:08:13,mediboard,대전광역시,0,0,A1600004,대전보훈병원,1601,D,16,7,7,54234360,2,2,16,2026-06-21T08:05:10.005512,9,9
2026-06-21 08:08:13,mediboard,대전광역시,0,0,A1600003,대전한국병원,1602,D,16,6,9,54234517,1,1,16,2026-06-21T08:05:10.005512,7,10
2026-06-21 08:08:13,mediboard,대전광역시,0,0,A1602246,대청병원,1603,D,16,9,9,54234631,1,1,16,2026-06-21T08:05:10.005512,10,10
2026-06-21 08:08:13,mediboard,대전광역시,0,0,A1600008,의료법인영훈의료재단대전선병원,1605,C,16,16,17,54234518,4,9,16,2026-06-21T08:05:10.005512,20,26
2026-06-21 08:08:13,mediboard,대전광역시,0,0,A1600007,의료법인영훈의료재단유성선병원,1604,C,16,15,17,54234407,3,7,16,2026-06-21T08:05:10.005512,18,24
2026-06-21 08:08:13,mediboard,대전광역시,6,6,A1600001,충남대학교병원,1605,A,16,22,28,54234459,5,5,16,2026-06-21T08:05:10.005512,33,39
2026-06-21 08:08:13,mediboard,대전광역시,0,0,A1600005,학교법인가톨릭학원가톨릭대학교대전성모병원,1605,C,16,14,19,54234728,3,3,16,2026-06-21T08:05:10.005512,17,22
2026-06-21 08:08:13,mediboard,대전광역시,3,5,A1600006,학교법인건양교육재단건양대학교병원,1603,A,16,19,24,54234406,5,5,16,2026-06-21T08:05:10.005512,27,34
2026-06-21 08:08:13,mediboard,대전광역시,0,0,A1600002,학교법인을지학원대전을지대학교병원,1603,C,16,17,23,54234684,6,6,16,2026-06-21T08:05:10.005512,23,29
2026-06-21 08:08:13,mediboard,울산광역시,0,0,A1700001,서울산보람병원,1704,D,17,5,10,54234408,1,1,17,2026-06-21T08:05:10.005512,6,11
2026-06-21 08:08:13,mediboard,울산광역시,0,0,A1700003,울산병원,1701,C,17,18,19,54234575,3,3,17,2026-06-21T08:05:10.005512,21,22
2026-06-21 08:08:13,mediboard,울산광역시,0,0,A1700002,의료법인동강의료재단동강병원,1705,C,17,22,24,54234632,3,3,17,2026-06-21T08:05:10.005512,25,27
2026-06-21 08:08:13,mediboard,울산광역시,0,0,A1700025,의료법인송은의료재단울산시티병원,1703,C,17,14,17,54234576,3,3,17,2026-06-21T08:05:10.005512,17,20
2026-06-21 08:08:13,mediboard,울산광역시,0,0,A1700011,의료법인은성의료재단좋은삼정병원,1701,D,17,5,9,54234633,1,1,17,2026-06-21T08:05:10.005512,6,10
2026-06-21 08:08:13,mediboard,울산광역시,0,0,A1700028,의료법인정안의료재단중앙병원,1701,C,17,15,17,54234460,3,3,17,2026-06-21T08:05:10.005512,18,20
2026-06-21 08:08:13,mediboard,울산광역시,8,8,A1700004,학교법인울산공업학원울산대학교병원,1702,A,17,11,23,54234519,6,6,17,2026-06-21T08:05:10.005512,25,37
2026-06-21 08:08:13,mediboard,경기도,0,0,A2100019,(의)영문의료재단 다보스병원,2136,C,21,12,13,54234465,7,7,21,2026-06-21T08:05:10.005512,19,20
2026-06-21 08:08:13,mediboard,경기도,0,0,A2100122,(의)효심의료재단용인서울병원,2136,D,21,9,10,54234737,0,0,21,2026-06-21T08:05:10.005512,9,10
2026-06-21 08:08:13,mediboard,경기도,0,0,A2100052,가톨릭대학교부천성모병원,2113,C,21,22,31,54234368,6,6,21,2026-06-21T08:05:10.005512,28,37
2026-06-21 08:08:13,mediboard,경기도,8,8,A2100012,가톨릭대학교성빈센트병원,2122,C,21,1,28,54234520,5,6,21,2026-06-21T08:05:10.005512,12,40
2026-06-21 08:08:13,mediboard,경기도,11,11,A2100040,가톨릭대학교의정부성모병원,2138,A,21,32,44,54234414,6,6,21,2026-06-21T08:05:10.005512,49,61
2026-06-21 08:08:13,mediboard,경기도,0,0,A2100029,강남병원,2134,C,21,16,17,54234636,3,3,21,2026-06-21T08:05:10.005512,19,20
2026-06-21 08:08:13,mediboard,경기도,0,0,A2100193,경기도의료원 이천병원,2139,C,21,12,17,54234638,3,3,21,2026-06-21T08:05:10.005512,15,20
2026-06-21 08:08:13,mediboard,경기도,0,0,A2100032,경기도의료원수원병원,2121,D,21,5,8,54234579,5,5,21,2026-06-21T08:05:10.005512,10,13
2026-06-21 08:08:13,mediboard,경기도,0,0,A2100045,경기도의료원안성병원,2126,D,21,12,14,54234580,1,5,21,2026-06-21T08:05:10.005512,13,19
2026-06-21 08:08:13,mediboard,경기도,0,0,A2100043,경기도의료원의정부병원,2138,D,21,7,10,54234733,1,1,21,2026-06-21T08:05:10.005512,8,11
2026-06-21 08:08:13,mediboard,경기도,0,0,A2100035,경기도의료원파주병원,2140,C,21,13,17,54234366,3,3,21,2026-06-21T08:05:10.005512,16,20
2026-06-21 08:08:13,mediboard,경기도,0,0,A2100031,경기도의료원포천병원,2142,C,21,17,17,54234523,3,3,21,2026-06-21T08:05:10.005512,20,20
2026-06-21 08:08:13,mediboard,경기도,4,4,A2100003,고려대학교의과대학부속안산병원,2124,A,21,9,22,54234411,7,8,21,2026-06-21T08:05:10.005512,20,34
2026-06-21 08:08:13,mediboard,경기도,4,4,A2100007,광명성애병원,2106,C,21,4,11,54234686,5,5,21,2026-06-21T08:05:10.005512,13,20
2026-06-21 08:08:13,mediboard,경기도,0,0,A2100258,국군수도병원,2116,D,21,15,16,54234639,0,2,21,2026-06-21T08:05:10.005512,15,18
2026-06-21 08:08:13,mediboard,경기도,0,0,A2100049,국립암센터,2103,D,21,20,24,54234525,1,1,21,2026-06-21T08:05:10.005512,21,25
2026-06-21 08:08:13,mediboard,경기도,1,5,A2100033,국민건강보험공단일산병원,2103,A,21,19,23,54234731,5,5,21,2026-06-21T08:05:10.005512,25,33
2026-06-21 08:08:13,mediboard,경기도,0,0,A2100014,근로복지공단안산병원,2125,D,21,7,7,54234462,1,1,21,2026-06-21T08:05:10.005512,8,8
2026-06-21 08:08:13,mediboard,경기도,0,0,A2100041,남양주한양병원,2111,C,21,13,17,54234732,3,3,21,2026-06-21T08:05:10.005512,16,20
2026-06-21 08:08:13,mediboard,경기도,0,0,A2100017,대아의료재단한도병원,2124,C,21,17,17,54234464,3,3,21,2026-06-21T08:05:10.005512,20,20
2026-06-21 08:08:13,mediboard,경기도,3,3,A2100025,대진의료재단분당제생병원,2116,C,21,15,24,54234688,3,3,21,2026-06-21T08:05:10.005512,21,30
2026-06-21 08:08:13,mediboard,경기도,3,3,A2100047,동국대학교일산불교병원,2103,C,21,17,19,54234524,7,7,21,2026-06-21T08:05:10.005512,27,29
2026-06-21 08:08:13,mediboard,경기도,0,0,A2100131,메디인병원,2140,D,21,9,12,54234690,2,2,21,2026-06-21T08:05:10.005512,11,14
2026-06-21 08:08:13,mediboard,경기도,0,0,A2121142,메디필드한강병원,2136,D,21,15,17,54234695,3,3,21,2026-06-21T08:05:10.005512,18,20
2026-06-21 08:08:13,mediboard,경기도,0,0,A2100055,부천세종병원,2113,C,21,13,17,54234470,3,3,21,2026-06-21T08:05:10.005512,16,20
2026-06-21 08:08:13,mediboard,경기도,5,5,A2100001,분당서울대학교병원,2116,A,21,-14,30,54234410,4,5,21,2026-06-21T08:05:10.005512,-5,40
2026-06-21 08:08:13,mediboard,경기도,6,6,A2116806,성남시의료원,2117,C,21,15,17,54234694,6,6,21,2026-06-21T08:05:10.005512,27,29
2026-06-21 08:08:13,mediboard,경기도,0,0,A2100011,성남중앙병원,2118,D,21,9,9,54234363,1,1,21,2026-06-21T08:05:10.005512,10,10
2026-06-21 08:08:13,mediboard,경기도,0,0,A2100194,세종여주병원,2131,D,21,6,6,54234369,7,7,21,2026-06-21T08:05:10.005512,13,13
2026-06-21 08:08:13,mediboard,경기도,0,0,A2100016,순천의료재단성남정병원,2117,D,21,9,9,54234412,2,2,21,2026-06-21T08:05:10.005512,11,11
2026-06-21 08:08:13,mediboard,경기도,4,5,A2100005,순천향대학교부속부천병원,2113,A,21,13,17,54234362,3,5,21,2026-06-21T08:05:10.005512,20,27
2026-06-21 08:08:13,mediboard,경기도,8,14,A2100002,아주대학교병원,2120,A,21,21,32,54234461,12,13,21,2026-06-21T08:05:10.005512,37,54
2026-06-21 08:08:13,mediboard,경기도,0,0,A2100305,안성성모병원,2126,D,21,8,9,54234693,1,1,21,2026-06-21T08:05:10.005512,9,10
2026-06-21 08:08:13,mediboard,경기도,0,0,A2100089,양평병원,2130,D,21,4,9,54234582,1,1,21,2026-06-21T08:05:10.005512,5,10
2026-06-21 08:08:13,mediboard,경기도,0,0,A2118188,엘병원,2111,D,21,6,8,54234584,1,2,21,2026-06-21T08:05:10.005512,7,10
2026-06-21 08:08:13,mediboard,경기도,6,6,A2100020,연세대학교의과대학용인세브란스병원,2134,C,21,12,16,54234729,4,4,21,2026-06-21T08:05:10.005512,22,26
2026-06-21 08:08:13,mediboard,경기도,0,0,E2100187,연천군보건의료원,2132,D,21,10,10,54234388,0,0,21,2026-06-21T08:05:10.005512,10,10
2026-06-21 08:08:13,mediboard,경기도,0,0,A2100024,오산한국병원,2133,C,21,6,17,54234730,3,3,21,2026-06-21T08:05:10.005512,9,20
2026-06-21 08:08:13,mediboard,경기도,0,0,A2100048,원광대학교산본병원,2109,C,21,14,17,54234469,3,3,21,2026-06-21T08:05:10.005512,17,20
2026-06-21 08:08:13,mediboard,경기도,5,5,A2100008,의료법인 남촌의료재단 시화병원,2123,C,21,13,16,54234577,3,6,21,2026-06-21T08:05:10.005512,21,27
2026-06-21 08:08:13,mediboard,경기도,0,0,A2100013,의료법인 록향의료재단 신천연합병원,2123,D,21,9,10,54234687,1,1,21,2026-06-21T08:05:10.005512,10,11
2026-06-21 08:08:13,mediboard,경기도,0,0,A2100036,의료법인 일심의료재단 포천우리병원,2142,D,21,18,18,54234468,4,4,21,2026-06-21T08:05:10.005512,22,22
2026-06-21 08:08:13,mediboard,경기도,0,0,A2100309,의료법인갈렌의료재단박병원,2141,D,21,8,10,54234527,1,1,21,2026-06-21T08:05:10.005512,9,11
2026-06-21 08:08:13,mediboard,경기도,0,0,A2100009,의료법인녹산의료재단동수원병원,2122,C,21,16,17,54234578,2,3,21,2026-06-21T08:05:10.005512,18,20
2026-06-21 08:08:13,mediboard,경기도,0,0,A2100050,의료법인대인의료재단다니엘종합병원,2113,D,21,5,6,54234735,4,4,21,2026-06-21T08:05:10.005512,9,10
2026-06-21 08:08:13,mediboard,경기도,3,3,A2121061,의료법인덕산의료재단수원덕산병원,2119,D,21,19,24,54234738,2,3,21,2026-06-21T08:05:10.005512,24,30
2026-06-21 08:08:13,mediboard,경기도,0,0,A2117135,의료법인명인의료재단화홍병원,2119,C,21,11,15,54234472,5,5,21,2026-06-21T08:05:10.005512,16,20
2026-06-21 08:08:13,mediboard,경기도,3,3,A2100042,의료법인명지의료재단명지병원,2102,A,21,11,15,54234689,8,11,21,2026-06-21T08:05:10.005512,19,26
2026-06-21 08:08:13,mediboard,경기도,0,0,A2100022,의료법인박애의료재단박애병원,2141,D,21,9,10,54234466,1,1,21,2026-06-21T08:05:10.005512,10,11
2026-06-21 08:08:13,mediboard,경기도,0,0,A2100028,의료법인백송의료재단굿모닝병원,2141,C,21,10,19,54234467,9,9,21,2026-06-21T08:05:10.005512,19,28
2026-06-21 08:08:13,mediboard,경기도,0,0,A2100027,의료법인석경의료재단센트럴병원,2123,D,21,17,18,54234522,1,3,21,2026-06-21T08:05:10.005512,18,21
2026-06-21 08:08:13,mediboard,경기도,0,0,A2116972,의료법인성광의료재단일산차병원,2103,D,21,6,6,54234471,4,4,21,2026-06-21T08:05:10.005512,10,10
2026-06-21 08:08:13,mediboard,경기도,0,0,A2113246,의료법인양진의료재단평택성모병원,2141,C,21,12,17,54234528,3,3,21,2026-06-21T08:05:10.005512,15,20
2026-06-21 08:08:13,mediboard,경기도,0,0,A2100034,의료법인영동의료재단의정부백병원,2138,D,21,7,10,54234365,2,2,21,2026-06-21T08:05:10.005512,9,12
2026-06-21 08:08:13,mediboard,경기도,0,0,A2100053,의료법인우리의료재단김포우리병원,2110,C,21,22,22,54234581,7,7,21,2026-06-21T08:05:10.005512,29,29
2026-06-21 08:08:13,mediboard,경기도,0,0,A2115699,의료법인원광의료재단원광종합병원,2146,D,21,7,9,54234416,1,1,21,2026-06-21T08:05:10.005512,8,10
2026-06-21 08:08:13,mediboard,경기도,0,0,A2100018,의료법인은혜와감사의료재단화성중앙종합병원,2144,D,21,7,9,54234635,1,1,21,2026-06-21T08:05:10.005512,8,10
2026-06-21 08:08:13,mediboard,경기도,0,0,A2100006,의료법인인봉의료재단뉴고려병원,2110,C,21,7,14,54234685,6,6,21,2026-06-21T08:05:10.005512,13,20
2026-06-21 08:08:13,mediboard,경기도,0,0,A2100290,의료법인자인의료재단(더자인병원),2102,D,21,16,16,54234526,4,4,21,2026-06-21T08:05:10.005512,20,20
2026-06-21 08:08:13,mediboard,경기도,0,0,A2100124,의료법인칠석의료재단사랑의병원,2125,D,21,12,13,54234415,1,1,21,2026-06-21T08:05:10.005512,13,14
2026-06-21 08:08:13,mediboard,경기도,0,0,A2100175,의료법인토마스의료재단윌스기념병원,2122,D,21,18,18,54234692,3,3,21,2026-06-21T08:05:10.005512,21,21
2026-06-21 08:08:13,mediboard,경기도,0,0,A2100021,의료법인플러스의료재단단원병원,2124,D,21,14,17,54234521,3,3,21,2026-06-21T08:05:10.005512,17,20
2026-06-21 08:08:13,mediboard,경기도,4,4,A2100038,인제대학교일산백병원,2104,C,21,20,30,54234637,3,6,21,2026-06-21T08:05:10.005512,27,40
2026-06-21 08:08:13,mediboard,경기도,0,0,A2118788,중앙대학교광명병원,2106,C,21,14,21,54234370,2,3,21,2026-06-21T08:05:10.005512,16,24
2026-06-21 08:08:13,mediboard,경기도,11,13,A2100030,차의과학대학교분당차병원,2116,A,21,12,22,54234364,7,7,21,2026-06-21T08:05:10.005512,28,40
2026-06-21 08:08:13,mediboard,경기도,1,1,A2100155,참조은병원,2107,C,21,3,9,54234691,10,10,21,2026-06-21T08:05:10.005512,14,20
2026-06-21 08:08:13,mediboard,경기도,0,0,A2100150,추병원,2138,D,21,10,12,54234583,2,2,21,2026-06-21T08:05:10.005512,12,14
2026-06-21 08:08:13,mediboard,경기도,6,6,A2117994,학교법인을지학원의정부을지대학교병원,2138,C,21,28,30,54234473,9,11,21,2026-06-21T08:05:10.005512,43,47
2026-06-21 08:08:13,mediboard,경기도,9,9,A2100046,한림대학교동탄성심병원,2147,C,21,22,32,54234734,3,3,21,2026-06-21T08:05:10.005512,34,44
2026-06-21 08:08:13,mediboard,경기도,2,3,A2100004,한림대학교성심병원,2127,A,21,13,25,54234361,10,11,21,2026-06-21T08:05:10.005512,25,39
2026-06-21 08:08:13,mediboard,경기도,0,0,A2100039,한양대학교구리병원,2108,C,21,12,18,54234413,5,5,21,2026-06-21T08:05:10.005512,17,23
2026-06-21 08:08:13,mediboard,경기도,0,0,A2100037,현대병원,2111,C,21,13,17,54234367,3,3,21,2026-06-21T08:05:10.005512,16,20
2026-06-21 08:08:13,mediboard,경기도,0,0,A2100015,효산의료재단 안양샘병원,2128,C,21,11,17,54234463,3,3,21,2026-06-21T08:05:10.005512,14,20
2026-06-21 08:08:13,mediboard,경기도,0,0,A2100054,효산의료재단지샘병원,2109,C,21,18,18,54234736,4,4,21,2026-06-21T08:05:10.005512,22,22
2026-06-21 08:08:13,mediboard,강원특별자치도,3,3,A2200008,강릉아산병원,2201,A,22,18,23,54234585,5,5,22,2026-06-21T08:05:10.005512,26,31
2026-06-21 08:08:13,mediboard,강원특별자치도,3,3,A2200009,강원대학교병원,2213,C,22,15,21,54234739,5,5,22,2026-06-21T08:05:10.005512,23,29
2026-06-21 08:08:13,mediboard,강원특별자치도,0,0,A2200011,강원특별자치도강릉의료원,2201,D,22,3,5,54234530,1,1,22,2026-06-21T08:05:10.005512,4,6
2026-06-21 08:08:13,mediboard,강원특별자치도,1,1,A2200007,강원특별자치도삼척의료원,2204,C,22,16,16,54234371,3,5,22,2026-06-21T08:05:10.005512,20,22
2026-06-21 08:08:13,mediboard,강원특별자치도,0,0,A2200012,강원특별자치도속초의료원,2205,C,22,17,17,54234740,3,3,22,2026-06-21T08:05:10.005512,20,20
2026-06-21 08:08:13,mediboard,강원특별자치도,0,0,A2200002,강원특별자치도영월의료원,2208,D,22,9,9,54234417,1,1,22,2026-06-21T08:05:10.005512,10,10
2026-06-21 08:08:13,mediboard,강원특별자치도,0,0,A2200015,강원특별자치도원주의료원,2209,D,22,8,8,54234532,2,2,22,2026-06-21T08:05:10.005512,10,10
2026-06-21 08:08:13,mediboard,강원특별자치도,0,0,A2200048,근로복지공단정선병원,2211,D,22,5,5,54234475,1,1,22,2026-06-21T08:05:10.005512,6,6
2026-06-21 08:08:13,mediboard,강원특별자치도,0,0,A2200004,근로복지공단태백병원,2214,D,22,7,9,54234474,1,1,22,2026-06-21T08:05:10.005512,8,10
2026-06-21 08:08:13,mediboard,강원특별자치도,3,3,A2200001,연세대학교원주세브란스기독병원,2209,A,22,25,31,54234529,36,45,22,2026-06-21T08:05:10.005512,64,79
2026-06-21 08:08:13,mediboard,강원특별자치도,0,0,A2200005,의료법인강릉동인병원,2201,C,22,15,17,54234641,3,3,22,2026-06-21T08:05:10.005512,18,20
2026-06-21 08:08:13,mediboard,강원특별자치도,0,0,A2200003,의료법인동해동인병원,2203,D,22,8,10,54234640,1,1,22,2026-06-21T08:05:10.005512,9,11
2026-06-21 08:08:13,mediboard,강원특별자치도,0,0,A2200037,의료법인성심의료재단양구성심병원,2206,D,22,4,5,54234741,1,1,22,2026-06-21T08:05:10.005512,5,6
2026-06-21 08:08:13,mediboard,강원특별자치도,0,0,A2200024,의료법인성지의료재단성지병원,2209,D,22,3,7,54234587,1,1,22,2026-06-21T08:05:10.005512,4,8
2026-06-21 08:08:13,mediboard,강원특별자치도,0,0,A2200046,의료법인온세움의료재단온재병원,2205,D,22,8,9,54234742,1,1,22,2026-06-21T08:05:10.005512,9,10
2026-06-21 08:08:13,mediboard,강원특별자치도,0,0,A2201730,철원병원,2212,D,22,4,5,54234418,1,1,22,2026-06-21T08:05:10.005512,5,6
2026-06-21 08:08:13,mediboard,강원특별자치도,0,0,E2200026,평창군보건의료원,2215,D,22,6,6,54234496,1,1,22,2026-06-21T08:05:10.005512,7,7
2026-06-21 08:08:13,mediboard,강원특별자치도,3,3,A2200013,한림대학교춘천성심병원,2213,A,22,12,22,54234372,5,5,22,2026-06-21T08:05:10.005512,20,30
2026-06-21 08:08:13,mediboard,강원특별자치도,0,0,A2200014,홍천아산병원,2216,D,22,10,10,54234531,0,0,22,2026-06-21T08:05:10.005512,10,10
2026-06-21 08:08:13,mediboard,강원특별자치도,0,0,E2200025,화천군보건의료원,2217,D,22,7,7,54234611,1,1,22,2026-06-21T08:05:10.005512,8,8
2026-06-21 08:08:13,mediboard,강원특별자치도,0,0,A2200016,횡성대성병원,2218,D,22,9,9,54234586,1,1,22,2026-06-21T08:05:10.005512,10,10
2026-06-21 08:08:13,mediboard,충청북도,0,0,A2300010,건국대학교충주병원,2314,C,23,12,20,54234743,3,3,23,2026-06-21T08:05:10.005512,15,23
2026-06-21 08:08:13,mediboard,충청북도,0,0,E2300011,단양군보건의료원,2302,D,23,4,6,54234442,1,2,23,2026-06-21T08:05:10.005512,5,8
2026-06-21 08:08:13,mediboard,충청북도,0,0,A2300013,의료법인 건명의료재단 중앙제일병원,2309,C,23,14,17,54234642,3,5,23,2026-06-21T08:05:10.005512,17,22
2026-06-21 08:08:13,mediboard,충청북도,0,0,A2300034,의료법인대광의료재단괴산성모병원,2301,D,23,9,9,54234535,0,1,23,2026-06-21T08:05:10.005512,9,10
2026-06-21 08:08:13,mediboard,충청북도,3,3,A2300009,의료법인명지의료재단명지병원,2307,C,23,14,18,54234534,6,6,23,2026-06-21T08:05:10.005512,23,27
2026-06-21 08:08:13,mediboard,충청북도,0,0,A2300007,의료법인인화재단한국병원,2310,C,23,13,14,54234533,6,6,23,2026-06-21T08:05:10.005512,19,20
2026-06-21 08:08:13,mediboard,충청북도,0,0,A2300005,의료법인자산의료재단제천서울병원,2307,C,23,12,15,54234421,5,5,23,2026-06-21T08:05:10.005512,17,20
2026-06-21 08:08:13,mediboard,충청북도,0,0,A2300003,의료법인정산의료재단효성병원,2310,C,23,16,18,54234420,5,5,23,2026-06-21T08:05:10.005512,21,23
2026-06-21 08:08:13,mediboard,충청북도,0,0,A2300030,의료법인조윤의료재단영동병원,2304,D,23,5,10,54234643,0,0,23,2026-06-21T08:05:10.005512,5,10
2026-06-21 08:08:13,mediboard,충청북도,0,0,A2300002,의료법인한마음의료재단하나병원,2313,C,23,19,23,54234373,2,12,23,2026-06-21T08:05:10.005512,21,35
2026-06-21 08:08:13,mediboard,충청북도,0,0,A2300011,의료법인힐링의료재단옥천성모병원,2305,D,23,7,7,54234696,3,3,23,2026-06-21T08:05:10.005512,10,10
2026-06-21 08:08:13,mediboard,충청북도,0,0,A2300008,청주성모병원,2312,C,23,11,15,54234374,7,10,23,2026-06-21T08:05:10.005512,18,25
2026-06-21 08:08:13,mediboard,충청북도,7,8,A2300001,충북대학교병원,2311,A,23,26,32,54234419,5,5,23,2026-06-21T08:05:10.005512,38,45
2026-06-21 08:08:13,mediboard,충청북도,0,0,A2300006,충청북도청주의료원,2311,D,23,11,12,54234477,4,4,23,2026-06-21T08:05:10.005512,15,16
2026-06-21 08:08:13,mediboard,충청북도,0,0,A2300004,충청북도충주의료원,2314,D,23,16,18,54234476,3,3,23,2026-06-21T08:05:10.005512,19,21
2026-06-21 08:08:13,mediboard,충청남도,4,4,A2400002,단국대학교의과대학부속병원,2412,A,24,18,27,54234423,5,5,24,2026-06-21T08:05:10.005512,27,36
2026-06-21 08:08:13,mediboard,충청남도,0,0,A2400008,당진종합병원,2405,C,24,13,17,54234424,3,3,24,2026-06-21T08:05:10.005512,16,20
2026-06-21 08:08:13,mediboard,충청남도,0,4,A2400003,서산중앙병원,2408,C,24,15,17,54234375,3,3,24,2026-06-21T08:05:10.005512,18,24
2026-06-21 08:08:13,mediboard,충청남도,0,0,A2402257,아산충무병원,2410,C,24,11,13,54234744,8,8,24,2026-06-21T08:05:10.005512,19,21
2026-06-21 08:08:13,mediboard,충청남도,0,0,A2400044,의료법인 서해병원,2409,D,24,5,5,54234425,2,2,24,2026-06-21T08:05:10.005512,7,7
2026-06-21 08:08:13,mediboard,충청남도,0,0,A2400009,의료법인백제병원,2404,C,24,17,20,54234377,3,3,24,2026-06-21T08:05:10.005512,20,23
2026-06-21 08:08:13,mediboard,충청남도,0,0,A2400012,의료법인영서의료재단천안충무병원,2413,C,24,11,16,54234536,5,5,24,2026-06-21T08:05:10.005512,16,21
2026-06-21 08:08:13,mediboard,충청남도,0,0,A2400004,의료법인예당의료재단예산종합병원,2411,D,24,4,6,54234697,1,1,24,2026-06-21T08:05:10.005512,5,7
2026-06-21 08:08:13,mediboard,충청남도,0,0,A2400011,재단법인아산사회복지재단보령아산병원,2406,C,24,16,17,54234478,3,3,24,2026-06-21T08:05:10.005512,19,20
2026-06-21 08:08:13,mediboard,충청남도,0,0,E2400032,청양군보건의료원,2414,D,24,5,6,54234553,1,1,24,2026-06-21T08:05:10.005512,6,7
2026-06-21 08:08:13,mediboard,충청남도,0,0,A2400010,충청남도공주의료원,2402,D,24,12,15,54234378,1,1,24,2026-06-21T08:05:10.005512,13,16
2026-06-21 08:08:13,mediboard,충청남도,0,0,A2400006,충청남도서산의료원,2408,C,24,11,17,54234376,3,3,24,2026-06-21T08:05:10.005512,14,20
2026-06-21 08:08:13,mediboard,충청남도,0,0,A2400005,충청남도천안의료원,2412,D,24,11,12,54234644,1,2,24,2026-06-21T08:05:10.005512,12,14
2026-06-21 08:08:13,mediboard,충청남도,1,1,A2400007,충청남도홍성의료원,2416,C,24,14,18,54234698,3,3,24,2026-06-21T08:05:10.005512,18,22
2026-06-21 08:08:13,mediboard,충청남도,0,0,E2400033,태안군보건의료원,2415,D,24,10,10,54234389,1,1,24,2026-06-21T08:05:10.005512,11,11
2026-06-21 08:08:13,mediboard,충청남도,0,0,A2400038,학교법인건양교육재단건양대학교부여병원,2407,D,24,7,9,54234537,1,1,24,2026-06-21T08:05:10.005512,8,10
2026-06-21 08:08:13,mediboard,충청남도,17,18,A2400001,학교법인동은학원순천향대학교부속천안병원,2412,A,24,11,22,54234422,11,11,24,2026-06-21T08:05:10.005512,35,47
2026-06-21 08:08:13,mediboard,충청남도,0,0,A2400039,현대병원,2410,D,24,10,10,54234645,1,1,24,2026-06-21T08:05:10.005512,11,11
2026-06-21 08:08:13,mediboard,전북특별자치도,0,0,A2500038,김제우석병원,2503,D,25,10,10,54234379,1,1,25,2026-06-21T08:05:10.005512,11,11
2026-06-21 08:08:13,mediboard,전북특별자치도,0,0,A2500056,대자인병원,2512,C,25,27,33,54234539,3,3,25,2026-06-21T08:05:10.005512,30,36
2026-06-21 08:08:13,mediboard,전북특별자치도,0,0,E2500019,무주군보건의료원,2505,D,25,4,4,54234713,1,1,25,2026-06-21T08:05:10.005512,5,5
2026-06-21 08:08:13,mediboard,전북특별자치도,0,0,A2500010,부안성모병원,2506,D,25,10,10,54234647,2,2,25,2026-06-21T08:05:10.005512,12,12
2026-06-21 08:08:13,mediboard,전북특별자치도,3,3,A2502742,새강병원,2513,D,25,11,14,54234747,3,3,25,2026-06-21T08:05:10.005512,17,20
2026-06-21 08:08:13,mediboard,전북특별자치도,0,0,E2500021,순창군보건의료원,2507,D,25,8,9,54234443,1,1,25,2026-06-21T08:05:10.005512,9,10
2026-06-21 08:08:13,mediboard,전북특별자치도,3,3,A2500001,원광대학교병원,2509,A,25,5,28,54234745,5,5,25,2026-06-21T08:05:10.005512,13,36
2026-06-21 08:08:13,mediboard,전북특별자치도,0,0,A2500011,의료법인대산의료재단익산병원,2509,C,25,13,17,54234538,3,3,25,2026-06-21T08:05:10.005512,16,20
2026-06-21 08:08:13,mediboard,전북특별자치도,0,0,A2500009,의료법인석천재단고창병원,2501,D,25,7,10,54234699,1,1,25,2026-06-21T08:05:10.005512,8,11
2026-06-21 08:08:13,mediboard,전북특별자치도,0,0,A2500005,의료법인영경의료재단전주병원,2513,C,25,13,17,54234589,3,3,25,2026-06-21T08:05:10.005512,16,20
2026-06-21 08:08:13,mediboard,전북특별자치도,0,0,A2501890,의료법인영경의료재단호성전주병원,2512,D,25,7,9,54234479,1,1,25,2026-06-21T08:05:10.005512,8,10
2026-06-21 08:08:13,mediboard,전북특별자치도,0,0,A2500012,의료법인오성의료재단동군산병원,2502,C,25,16,17,54234746,6,6,25,2026-06-21T08:05:10.005512,22,23
2026-06-21 08:08:13,mediboard,전북특별자치도,0,0,E2500022,임실군보건의료원,2510,D,25,3,4,54234714,1,1,25,2026-06-21T08:05:10.005512,4,5
2026-06-21 08:08:13,mediboard,전북특별자치도,0,0,E2500020,장수군보건의료원,2511,D,25,4,5,54234554,1,1,25,2026-06-21T08:05:10.005512,5,6
2026-06-21 08:08:13,mediboard,전북특별자치도,0,0,A2500008,재단법인 아산사회복지재단 정읍아산병원,2514,C,25,15,17,54234427,3,3,25,2026-06-21T08:05:10.005512,18,20
2026-06-21 08:08:13,mediboard,전북특별자치도,9,12,A2500006,재단법인예수병원유지재단예수병원,2513,C,25,23,38,54234426,3,5,25,2026-06-21T08:05:10.005512,33,53
2026-06-21 08:08:13,mediboard,전북특별자치도,3,5,A2500002,전북대학교병원,2512,A,25,18,36,54234646,7,7,25,2026-06-21T08:05:10.005512,28,48
2026-06-21 08:08:13,mediboard,전북특별자치도,0,0,A2500007,전북특별자치도군산의료원,2502,C,25,15,17,54234590,3,3,25,2026-06-21T08:05:10.005512,18,20
2026-06-21 08:08:13,mediboard,전북특별자치도,0,0,A2500004,전북특별자치도남원의료원,2504,C,25,14,17,54234588,3,3,25,2026-06-21T08:05:10.005512,17,20
2026-06-21 08:08:13,mediboard,전북특별자치도,0,0,A2502031,진안군의료원,2515,D,25,6,6,54234648,2,2,25,2026-06-21T08:05:10.005512,8,8
2026-06-21 08:08:13,mediboard,전라남도,0,0,A2600029,곡성사랑병원,2603,D,26,3,5,54234650,1,1,26,2026-06-21T08:05:10.005512,4,6
2026-06-21 08:08:13,mediboard,전라남도,0,0,A2600006,광양사랑병원,2604,D,26,7,9,54234381,1,1,26,2026-06-21T08:05:10.005512,8,10
2026-06-21 08:08:13,mediboard,전라남도,0,0,A2600061,구례병원,2605,D,26,10,10,54234702,0,0,26,2026-06-21T08:05:10.005512,10,10
2026-06-21 08:08:13,mediboard,전라남도,0,0,A2600016,나주종합병원,2606,D,26,9,10,54234592,0,0,26,2026-06-21T08:05:10.005512,9,10
2026-06-21 08:08:13,mediboard,전라남도,0,0,A2600054,담양사랑병원,2607,D,26,5,6,54234596,2,2,26,2026-06-21T08:05:10.005512,7,8
2026-06-21 08:08:13,mediboard,전라남도,0,0,A2600003,대송의료재단무안병원,2609,D,26,1,4,54234700,1,1,26,2026-06-21T08:05:10.005512,2,5
2026-06-21 08:08:13,mediboard,전라남도,0,0,A2600020,목포기독병원,2608,D,26,14,17,54234429,3,3,26,2026-06-21T08:05:10.005512,17,20
2026-06-21 08:08:13,mediboard,전라남도,0,0,A2600022,목포시의료원,2608,D,26,9,9,54234751,1,1,26,2026-06-21T08:05:10.005512,10,10
2026-06-21 08:08:13,mediboard,전라남도,1,3,A2600011,목포한국병원,2608,A,26,12,18,54234540,5,5,26,2026-06-21T08:05:10.005512,18,26
2026-06-21 08:08:13,mediboard,전라남도,0,0,A2600052,보성아산병원,2610,D,26,5,8,54234755,1,1,26,2026-06-21T08:05:10.005512,6,9
2026-06-21 08:08:13,mediboard,전라남도,0,0,A2602211,빛가람종합병원,2606,D,26,4,9,54234483,1,1,26,2026-06-21T08:05:10.005512,5,10
2026-06-21 08:08:13,mediboard,전라남도,3,4,A2600019,성가롤로병원,2611,A,26,7,18,54234593,5,5,26,2026-06-21T08:05:10.005512,15,27
2026-06-21 08:08:13,mediboard,전라남도,0,0,A2600008,순천제일병원,2611,D,26,6,9,54234649,1,1,26,2026-06-21T08:05:10.005512,7,10
2026-06-21 08:08:13,mediboard,전라남도,0,0,A2600004,순천중앙병원,2611,D,26,5,5,54234591,1,1,26,2026-06-21T08:05:10.005512,6,6
2026-06-21 08:08:13,mediboard,전라남도,0,0,A2600010,여수전남병원,2613,D,26,8,10,54234749,1,1,26,2026-06-21T08:05:10.005512,9,11
2026-06-21 08:08:13,mediboard,전라남도,0,0,A2600014,여천전남병원,2613,C,26,16,17,54234428,3,3,26,2026-06-21T08:05:10.005512,19,20
2026-06-21 08:08:13,mediboard,전라남도,0,0,A2600015,영광종합병원,2614,D,26,8,10,54234701,3,3,26,2026-06-21T08:05:10.005512,11,13
2026-06-21 08:08:13,mediboard,전라남도,0,0,A2600070,영암한국병원,2615,D,26,6,8,54234703,0,1,26,2026-06-21T08:05:10.005512,6,9
2026-06-21 08:08:13,mediboard,전라남도,0,0,A2600032,완도대성병원,2616,D,26,5,5,54234542,1,1,26,2026-06-21T08:05:10.005512,6,6
2026-06-21 08:08:13,mediboard,전라남도,0,0,A2600034,의료법인 거명의료재단 영광기독병원,2614,D,26,9,10,54234595,1,1,26,2026-06-21T08:05:10.005512,10,11
2026-06-21 08:08:13,mediboard,전라남도,0,0,A2600017,의료법인목포구암의료재단목포중앙병원,2608,C,26,14,16,54234481,4,4,26,2026-06-21T08:05:10.005512,18,20
2026-06-21 08:08:13,mediboard,전라남도,0,0,A2600066,의료법인삼호의료재단벌교삼호병원,2610,D,26,5,6,54234431,1,1,26,2026-06-21T08:05:10.005512,6,7
2026-06-21 08:08:13,mediboard,전라남도,0,0,A2600051,의료법인신안대우병원,2612,D,26,4,4,54234754,1,1,26,2026-06-21T08:05:10.005512,5,5
2026-06-21 08:08:13,mediboard,전라남도,0,0,A2600018,의료법인영성의료재단고흥종합병원,2602,D,26,7,10,54234541,0,0,26,2026-06-21T08:05:10.005512,7,10
2026-06-21 08:08:13,mediboard,전라남도,0,0,A2600021,의료법인우범의료재단장흥종합병원,2618,D,26,7,9,54234750,1,1,26,2026-06-21T08:05:10.005512,8,10
2026-06-21 08:08:13,mediboard,전라남도,0,0,A2600068,의료법인장호의료재단녹동현대병원,2602,D,26,3,3,54234597,2,2,26,2026-06-21T08:05:10.005512,5,5
2026-06-21 08:08:13,mediboard,전라남도,0,0,A2600005,의료법인한국의료재단한국병원,2611,D,26,11,11,54234380,1,1,26,2026-06-21T08:05:10.005512,12,12
2026-06-21 08:08:13,mediboard,전라남도,0,0,A2600027,의료법인한마음의료재단여수제일병원,2613,D,26,8,9,54234594,1,1,26,2026-06-21T08:05:10.005512,9,10
2026-06-21 08:08:13,mediboard,전라남도,0,0,A2600007,의료법인해민의료재단 세안종합병원,2608,D,26,7,7,54234382,2,2,26,2026-06-21T08:05:10.005512,9,9
2026-06-21 08:08:13,mediboard,전라남도,0,0,A2600035,의료법인행복나눔의료재단장성병원,2617,D,26,4,4,54234482,1,1,26,2026-06-21T08:05:10.005512,5,5
2026-06-21 08:08:13,mediboard,전라남도,0,0,A2600009,의료법인행촌의료재단해남종합병원,2621,D,26,8,10,54234748,1,1,26,2026-06-21T08:05:10.005512,9,11
2026-06-21 08:08:13,mediboard,전라남도,0,0,A2600024,의료법인현경의료재단광양서울병원,2604,D,26,8,9,54234752,1,1,26,2026-06-21T08:05:10.005512,9,10
2026-06-21 08:08:13,mediboard,전라남도,0,0,A2600037,장흥우리병원,2618,D,26,4,4,54234430,1,1,26,2026-06-21T08:05:10.005512,5,5
2026-06-21 08:08:13,mediboard,전라남도,0,0,A2600050,전라남도강진의료원,2601,D,26,9,9,54234651,1,1,26,2026-06-21T08:05:10.005512,10,10
2026-06-21 08:08:13,mediboard,전라남도,0,0,A2600056,전라남도순천의료원,2611,D,26,5,6,54234756,2,2,26,2026-06-21T08:05:10.005512,7,8
2026-06-21 08:08:13,mediboard,전라남도,0,0,A2600040,진도한국병원,2619,D,26,3,4,54234753,1,1,26,2026-06-21T08:05:10.005512,4,5
2026-06-21 08:08:13,mediboard,전라남도,0,0,A2600077,해남우리종합병원,2621,D,26,13,15,54234432,4,4,26,2026-06-21T08:05:10.005512,17,19
2026-06-21 08:08:13,mediboard,전라남도,1,1,A2600001,화순전남대학교병원,2622,C,26,12,16,54234480,7,7,26,2026-06-21T08:05:10.005512,20,24
2026-06-21 08:08:13,mediboard,경상북도,0,0,A2700018,경상북도김천의료원,2706,D,27,14,17,54234603,1,1,27,2026-06-21T08:05:10.005512,15,18
2026-06-21 08:08:13,mediboard,경상북도,0,0,A2700001,경상북도안동의료원,2711,D,27,6,6,54234383,2,2,27,2026-06-21T08:05:10.005512,8,8
2026-06-21 08:08:13,mediboard,경상북도,0,0,A2700005,경상북도포항의료원,2724,D,27,8,8,54234598,2,2,27,2026-06-21T08:05:10.005512,10,10
2026-06-21 08:08:13,mediboard,경상북도,0,0,A2700097,계명대학교경주동산병원,2702,D,27,6,9,54234652,1,1,27,2026-06-21T08:05:10.005512,7,10
2026-06-21 08:08:13,mediboard,경상북도,0,0,A2700015,구미강동병원,2704,D,27,6,7,54234602,3,3,27,2026-06-21T08:05:10.005512,9,10
2026-06-21 08:08:13,mediboard,경상북도,3,3,A2700003,동국대학교의과대학경주병원,2702,C,27,14,16,54234704,7,7,27,2026-06-21T08:05:10.005512,24,26
2026-06-21 08:08:13,mediboard,경상북도,0,0,A2700011,상주적십자병원,2709,D,27,6,9,54234757,1,1,27,2026-06-21T08:05:10.005512,7,10
2026-06-21 08:08:13,mediboard,경상북도,4,4,A2700013,순천향대학교부속구미병원,2704,C,27,8,13,54234486,3,3,27,2026-06-21T08:05:10.005512,15,20
2026-06-21 08:08:13,mediboard,경상북도,0,0,A2700004,안동성소병원,2711,C,27,12,12,54234384,8,8,27,2026-06-21T08:05:10.005512,20,20
2026-06-21 08:08:13,mediboard,경상북도,0,0,A2700008,에스포항병원,2723,D,27,5,6,54234600,1,1,27,2026-06-21T08:05:10.005512,6,7
2026-06-21 08:08:13,mediboard,경상북도,0,0,A2700017,영남대학교의과대학부속영천병원,2715,D,27,9,10,54234544,3,3,27,2026-06-21T08:05:10.005512,12,13
2026-06-21 08:08:13,mediboard,경상북도,0,0,A2700031,영주기독병원,2714,D,27,4,4,54234434,1,1,27,2026-06-21T08:05:10.005512,5,5
2026-06-21 08:08:13,mediboard,경상북도,0,0,A2700020,영주자인병원,2714,D,27,3,4,54234545,1,1,27,2026-06-21T08:05:10.005512,4,5
2026-06-21 08:08:13,mediboard,경상북도,0,0,A2702752,영주적십자병원,2714,D,27,7,10,54234488,1,1,27,2026-06-21T08:05:10.005512,8,11
2026-06-21 08:08:13,mediboard,경상북도,0,0,E2700553,울릉군보건의료원,2717,D,27,4,5,54234390,0,0,27,2026-06-21T08:05:10.005512,4,5
2026-06-21 08:08:13,mediboard,경상북도,0,0,A2700052,울진군의료원,2718,D,27,7,8,54234436,2,2,27,2026-06-21T08:05:10.005512,9,10
2026-06-21 08:08:13,mediboard,경상북도,0,0,A2700019,의)근원의료재단경산중앙병원,2701,D,27,4,10,54234433,2,2,27,2026-06-21T08:05:10.005512,6,12
2026-06-21 08:08:13,mediboard,경상북도,0,0,A2700038,의료법인대남의료재단청도대남병원,2720,D,27,9,10,54234758,0,0,27,2026-06-21T08:05:10.005512,9,10
2026-06-21 08:08:13,mediboard,경상북도,0,0,A2700012,의료법인덕산의료재단김천제일병원,2706,C,27,15,16,54234601,4,4,27,2026-06-21T08:05:10.005512,19,20
2026-06-21 08:08:13,mediboard,경상북도,0,0,A2700006,의료법인동춘의료재단문경제일병원,2707,C,27,17,17,54234599,1,3,27,2026-06-21T08:05:10.005512,18,20
2026-06-21 08:08:13,mediboard,경상북도,0,0,A2700009,의료법인삼백의료재단상주성모병원,2709,D,27,7,9,54234705,1,1,27,2026-06-21T08:05:10.005512,8,10
2026-06-21 08:08:13,mediboard,경상북도,0,0,A2700036,의료법인서명의료재단세명종합병원,2701,D,27,10,13,54234435,2,2,27,2026-06-21T08:05:10.005512,12,15
2026-06-21 08:08:13,mediboard,경상북도,0,0,A2700023,의료법인서준의료재단예천권병원,2716,D,27,4,6,54234487,1,1,27,2026-06-21T08:05:10.005512,5,7
2026-06-21 08:08:13,mediboard,경상북도,0,3,A2700014,의료법인안동병원,2711,A,27,9,17,54234385,5,5,27,2026-06-21T08:05:10.005512,14,25
2026-06-21 08:08:13,mediboard,경상북도,0,0,A2700070,의료법인영암의료재단고령영생병원,2703,D,27,4,5,54234547,1,1,27,2026-06-21T08:05:10.005512,5,6
2026-06-21 08:08:13,mediboard,경상북도,0,0,A2700063,의료법인영제의료재단영남제일병원,2719,D,27,4,5,54234546,1,1,27,2026-06-21T08:05:10.005512,5,6
2026-06-21 08:08:13,mediboard,경상북도,0,0,A2702563,의료법인은성의료재단좋은선린병원,2724,D,27,7,10,54234548,2,2,27,2026-06-21T08:05:10.005512,9,12
2026-06-21 08:08:13,mediboard,경상북도,4,5,A2700007,차의과학대학교부속구미차병원,2704,A,27,9,20,54234485,6,12,27,2026-06-21T08:05:10.005512,19,37
2026-06-21 08:08:13,mediboard,경상북도,0,0,E2700554,청송군보건의료원,2721,D,27,4,5,54234612,1,1,27,2026-06-21T08:05:10.005512,5,6
2026-06-21 08:08:13,mediboard,경상북도,11,11,A2700016,포항성모병원,2723,A,27,14,20,54234543,5,15,27,2026-06-21T08:05:10.005512,30,46
2026-06-21 08:08:13,mediboard,경상북도,0,0,A2700002,포항세명기독병원,2723,C,27,10,15,54234484,10,10,27,2026-06-21T08:05:10.005512,20,25
2026-06-21 08:08:13,mediboard,경상남도,0,0,A2800032,강병원,2803,D,28,8,9,54234655,1,1,28,2026-06-21T08:05:10.005512,9,10
2026-06-21 08:08:13,mediboard,경상남도,0,0,A2803677,강일병원,2804,D,28,8,8,54234493,3,3,28,2026-06-21T08:05:10.005512,11,11
2026-06-21 08:08:13,mediboard,경상남도,0,0,A2800076,거창적십자병원,2802,D,28,8,9,54234658,1,1,28,2026-06-21T08:05:10.005512,9,10
2026-06-21 08:08:13,mediboard,경상남도,3,3,A2800001,경상국립대학교병원,2811,A,28,19,30,54234706,5,5,28,2026-06-21T08:05:10.005512,27,38
2026-06-21 08:08:13,mediboard,경상남도,0,0,A2800025,경상남도마산의료원,2813,D,28,12,13,54234491,2,2,28,2026-06-21T08:05:10.005512,14,15
2026-06-21 08:08:13,mediboard,경상남도,0,0,A2800113,밀양병원,2806,D,28,6,8,54234711,1,1,28,2026-06-21T08:05:10.005512,7,9
2026-06-21 08:08:13,mediboard,경상남도,0,0,A2800084,반도병원,2811,D,28,7,7,54234609,1,1,28,2026-06-21T08:05:10.005512,8,8
2026-06-21 08:08:13,mediboard,경상남도,0,0,A2800019,베데스다복음병원,2809,D,28,9,9,54234708,1,1,28,2026-06-21T08:05:10.005512,10,10
2026-06-21 08:08:13,mediboard,경상남도,0,0,E2800380,산청군보건의료원,2808,D,28,5,5,54234497,1,1,28,2026-06-21T08:05:10.005512,6,6
2026-06-21 08:08:13,mediboard,경상남도,0,0,A2800055,삼성합천병원,2822,D,28,2,4,54234656,1,1,28,2026-06-21T08:05:10.005512,3,5
2026-06-21 08:08:13,mediboard,경상남도,0,0,A2800101,삼천포제일병원,2807,D,28,8,8,54234492,2,2,28,2026-06-21T08:05:10.005512,10,10
2026-06-21 08:08:13,mediboard,경상남도,0,0,A2800092,새통영병원,2818,D,28,7,9,54234439,1,1,28,2026-06-21T08:05:10.005512,8,10
2026-06-21 08:08:13,mediboard,경상남도,6,10,A2800011,양산부산대학교병원,2809,A,28,13,23,54234549,7,8,28,2026-06-21T08:05:10.005512,24,39
2026-06-21 08:08:13,mediboard,경상남도,0,0,A2804593,양산성모병원,2809,D,28,9,13,54234494,1,1,28,2026-06-21T08:05:10.005512,10,14
2026-06-21 08:08:13,mediboard,경상남도,0,0,A2800021,연세에스병원,2817,D,28,9,9,54234438,1,1,28,2026-06-21T08:05:10.005512,10,10
2026-06-21 08:08:13,mediboard,경상남도,0,0,A2800090,의령병원,2810,D,28,3,4,54234551,1,1,28,2026-06-21T08:05:10.005512,4,5
2026-06-21 08:08:13,mediboard,경상남도,0,0,A2800008,의료법인 거붕 백병원,2801,D,28,7,9,54234605,1,1,28,2026-06-21T08:05:10.005512,8,10
2026-06-21 08:08:13,mediboard,경상남도,0,0,A2800005,의료법인 대우의료재단대우병원,2801,D,28,6,9,54234386,0,1,28,2026-06-21T08:05:10.005512,6,10
2026-06-21 08:08:13,mediboard,경상남도,0,0,A2800015,의료법인 문병욱의료재단 진주고려병원,2811,D,28,9,10,54234707,1,1,28,2026-06-21T08:05:10.005512,10,11
2026-06-21 08:08:13,mediboard,경상남도,0,0,A2800022,의료법인 성념의료재단맑은샘병원,2801,D,28,5,9,54234759,1,1,28,2026-06-21T08:05:10.005512,6,10
2026-06-21 08:08:13,mediboard,경상남도,0,0,A2800094,의료법인 이도의료재단 남해병원,2805,D,28,7,8,54234552,2,2,28,2026-06-21T08:05:10.005512,9,10
2026-06-21 08:08:13,mediboard,경상남도,0,0,A2800014,의료법인갑을의료재단 갑을장유병원,2804,D,28,7,9,54234607,1,1,28,2026-06-21T08:05:10.005512,8,10
2026-06-21 08:08:13,mediboard,경상남도,0,0,A2800006,의료법인숭인의료재단 김해복음병원,2804,C,28,14,16,54234653,4,4,28,2026-06-21T08:05:10.005512,18,20
2026-06-21 08:08:13,mediboard,경상남도,0,0,A2800068,의료법인승연의료재단 삼천포서울병원,2807,D,28,8,9,54234657,1,1,28,2026-06-21T08:05:10.005512,9,10
2026-06-21 08:08:13,mediboard,경상남도,0,0,A2800009,의료법인청아의료재단청아병원,2814,D,28,5,9,54234606,1,1,28,2026-06-21T08:05:10.005512,6,10
2026-06-21 08:08:13,mediboard,경상남도,0,0,A2800017,의료법인합포의료재단에스엠지연세병원,2813,C,28,13,17,54234550,3,3,28,2026-06-21T08:05:10.005512,16,20
2026-06-21 08:08:13,mediboard,경상남도,0,0,A2800010,의료법인환명의료재단 조은금강병원,2804,C,28,15,17,54234490,3,3,28,2026-06-21T08:05:10.005512,18,20
2026-06-21 08:08:13,mediboard,경상남도,0,0,A2800003,제일병원,2811,C,28,15,17,54234489,3,3,28,2026-06-21T08:05:10.005512,18,20
2026-06-21 08:08:13,mediboard,경상남도,0,0,A2800037,진주복음병원,2811,D,28,9,9,54234387,1,1,28,2026-06-21T08:05:10.005512,10,10
2026-06-21 08:08:13,mediboard,경상남도,0,0,A2803505,창원경상국립대학교병원,2815,C,28,14,18,54234440,3,10,28,2026-06-21T08:05:10.005512,17,28
2026-06-21 08:08:13,mediboard,경상남도,0,0,A2800004,창원파티마병원,2816,C,28,14,17,54234604,3,3,28,2026-06-21T08:05:10.005512,17,20
2026-06-21 08:08:13,mediboard,경상남도,0,0,A2800007,창원한마음병원,2816,C,28,13,21,54234654,4,4,28,2026-06-21T08:05:10.005512,17,25
2026-06-21 08:08:13,mediboard,경상남도,0,0,A2800062,태황의료재단한성병원,2812,D,28,6,9,54234710,1,1,28,2026-06-21T08:05:10.005512,7,10
2026-06-21 08:08:13,mediboard,경상남도,3,3,A2800020,학교법인성균관대학삼성창원병원,2814,A,28,12,18,54234437,5,5,28,2026-06-21T08:05:10.005512,20,26
2026-06-21 08:08:13,mediboard,경상남도,0,0,A2800043,한일병원,2811,C,28,12,17,54234709,3,3,28,2026-06-21T08:05:10.005512,15,20
2026-06-21 08:08:13,mediboard,경상남도,0,0,A2800080,함양성심병원,2821,D,28,3,4,54234608,1,1,28,2026-06-21T08:05:10.005512,4,5
2026-06-21 08:08:13,mediboard,제주특별자치도,0,0,A2900003,의료법인 혜인의료재단 한국병원,2902,D,29,6,9,54234659,0,1,29,2026-06-21T08:05:10.005512,6,10
2026-06-21 08:08:13,mediboard,제주특별자치도,1,1,A2900006,의료법인중앙의료재단중앙병원,2902,C,29,13,16,54234495,3,3,29,2026-06-21T08:05:10.005512,17,20
2026-06-21 08:08:13,mediboard,제주특별자치도,0,0,A2900007,제주대학교병원,2902,C,29,6,20,54234610,3,6,29,2026-06-21T08:05:10.005512,9,26
2026-06-21 08:08:13,mediboard,제주특별자치도,3,4,A2900002,제주특별자치도서귀포의료원,2901,C,29,10,16,54234441,5,5,29,2026-06-21T08:05:10.005512,18,25
2026-06-21 08:08:13,mediboard,제주특별자치도,3,3,A2900001,제주한라병원,2902,A,29,12,17,54234760,5,5,29,2026-06-21T08:05:10.005512,20,25
2026-06-21 08:08:13,mediboard,제주특별자치도,0,0,A2900005,한마음병원,2902,C,29,12,17,54234712,2,3,29,2026-06-21T08:05:10.005512,14,20
2026-06-21 11:39:07,mediboard,서울특별시,0,0,A1100011,가톨릭대학교여의도성모병원,1120,C,11,8,15,54252056,4,5,11,2026-06-21T11:35:10.003828,12,20
2026-06-21 11:39:07,mediboard,서울특별시,6,8,A1121013,가톨릭대학교은평성모병원,1122,C,11,4,24,54252277,4,4,11,2026-06-21T11:35:10.003828,14,36
2026-06-21 11:39:07,mediboard,서울특별시,3,3,A1100043,강동경희대학교병원,1102,A,11,3,15,54251950,5,5,11,2026-06-21T11:35:10.003828,11,23
2026-06-21 11:39:07,mediboard,서울특별시,1,2,A1100006,강북삼성병원,1123,C,11,3,15,54252271,3,3,11,2026-06-21T11:35:10.003828,7,20
2026-06-21 11:39:07,mediboard,서울특별시,3,4,A1100002,건국대학교병원,1106,C,11,6,20,54252169,3,3,11,2026-06-21T11:35:10.003828,12,27
2026-06-21 11:39:07,mediboard,서울특별시,0,0,A1100039,경찰병원,1118,D,11,0,3,54252174,2,2,11,2026-06-21T11:35:10.003828,2,5
2026-06-21 11:39:07,mediboard,서울특별시,3,3,A1100001,경희대학교병원,1111,C,11,10,15,54252111,5,5,11,2026-06-21T11:35:10.003828,18,23
2026-06-21 11:39:07,mediboard,서울특별시,2,3,A1100014,고려대학교의과대학부속구로병원,1107,A,11,12,29,54252057,5,5,11,2026-06-21T11:35:10.003828,19,37
2026-06-21 11:39:07,mediboard,서울특별시,0,0,A1100026,구로성심병원,1107,D,11,1,9,54252274,1,1,11,2026-06-21T11:35:10.003828,2,10
2026-06-21 11:39:07,mediboard,서울특별시,3,3,A1100052,국립중앙의료원,1124,C,11,15,17,54252221,10,10,11,2026-06-21T11:35:10.003828,28,30
2026-06-21 11:39:07,mediboard,서울특별시,0,0,A1122033,기쁨병원,1115,D,11,2,4,54251904,1,1,11,2026-06-21T11:35:10.003828,3,5
2026-06-21 11:39:07,mediboard,서울특별시,0,0,A1100048,노원을지대학교병원,1109,C,11,7,17,54251902,4,5,11,2026-06-21T11:35:10.003828,11,22
2026-06-21 11:39:07,mediboard,서울특별시,0,0,A1100044,녹색병원,1125,D,11,3,5,54252220,5,5,11,2026-06-21T11:35:10.003828,8,10
2026-06-21 11:39:07,mediboard,서울특별시,0,0,A1100037,대림성모병원,1120,D,11,8,8,54252060,2,2,11,2026-06-21T11:35:10.003828,10,10
2026-06-21 11:39:07,mediboard,서울특별시,0,0,A1100024,명지성모병원,1120,D,11,7,8,54251900,2,2,11,2026-06-21T11:35:10.003828,9,10
2026-06-21 11:39:07,mediboard,서울특별시,0,0,A1100036,부민병원,1104,D,11,5,10,54252275,1,1,11,2026-06-21T11:35:10.003828,6,11
2026-06-21 11:39:07,mediboard,서울특별시,4,4,A1100010,삼성서울병원,1101,C,11,-4,52,54252170,4,4,11,2026-06-21T11:35:10.003828,4,60
2026-06-21 11:39:07,mediboard,서울특별시,0,0,A1100021,삼육서울병원,1111,C,11,8,13,54252171,5,7,11,2026-06-21T11:35:10.003828,13,20
2026-06-21 11:39:07,mediboard,서울특별시,9,12,A1100017,서울대학교병원,1123,A,11,-5,24,54251899,8,8,11,2026-06-21T11:35:10.003828,10,42
2026-06-21 11:39:07,mediboard,서울특별시,0,0,A1100050,서울성심병원,1111,D,11,17,17,54252175,3,3,11,2026-06-21T11:35:10.003828,20,20
2026-06-21 11:39:07,mediboard,서울특별시,0,0,A1100029,서울적십자병원,1123,D,11,8,10,54252001,1,1,11,2026-06-21T11:35:10.003828,9,11
2026-06-21 11:39:07,mediboard,서울특별시,0,0,A1100022,서울특별시동부병원,1111,D,11,7,8,54251947,2,2,11,2026-06-21T11:35:10.003828,9,10
2026-06-21 11:39:07,mediboard,서울특별시,3,3,A1100040,서울특별시보라매병원,1112,C,11,19,31,54252002,3,3,11,2026-06-21T11:35:10.003828,25,37
2026-06-21 11:39:07,mediboard,서울특별시,0,0,A1100223,서울특별시서남병원,1119,D,11,4,6,54251951,1,2,11,2026-06-21T11:35:10.003828,5,8
2026-06-21 11:39:07,mediboard,서울특별시,2,3,A1100035,서울특별시서울의료원,1125,A,11,14,19,54252173,5,5,11,2026-06-21T11:35:10.003828,21,27
2026-06-21 11:39:07,mediboard,서울특별시,0,0,A1100028,성심의료재단강동성심병원,1102,C,11,10,15,54252172,9,9,11,2026-06-21T11:35:10.003828,19,24
2026-06-21 11:39:07,mediboard,서울특별시,0,0,A1100054,성애의료재단성애병원,1120,C,11,10,15,54252222,5,11,11,2026-06-21T11:35:10.003828,15,26
2026-06-21 11:39:07,mediboard,서울특별시,0,0,A1100032,세란병원,1123,D,11,7,10,54252059,1,1,11,2026-06-21T11:35:10.003828,8,11
2026-06-21 11:39:07,mediboard,서울특별시,4,4,A1100004,순천향대학교부속서울병원,1121,C,11,7,20,54252055,3,3,11,2026-06-21T11:35:10.003828,14,27
2026-06-21 11:39:07,mediboard,서울특별시,0,0,A1100045,씨엠병원,1120,D,11,10,10,54252115,0,0,11,2026-06-21T11:35:10.003828,10,10
2026-06-21 11:39:07,mediboard,서울특별시,2,2,A1100015,연세대학교의과대학강남세브란스병원,1101,C,11,6,21,54252273,2,3,11,2026-06-21T11:35:10.003828,10,26
2026-06-21 11:39:07,mediboard,서울특별시,6,10,A1100007,연세대학교의과대학세브란스병원,1114,C,11,19,39,54252217,6,6,11,2026-06-21T11:35:10.003828,29,53
2026-06-21 11:39:07,mediboard,서울특별시,0,0,A1100025,의료법인동신의료재단동신병원,1114,D,11,6,9,54252219,1,1,11,2026-06-21T11:35:10.003828,7,10
2026-06-21 11:39:07,mediboard,서울특별시,0,0,A1100041,의료법인서울효천의료재단에이치플러스양지병원,1105,C,11,12,18,54251949,3,3,11,2026-06-21T11:35:10.003828,15,21
2026-06-21 11:39:07,mediboard,서울특별시,0,0,A1100023,의료법인청구성심병원,1122,D,11,8,10,54251948,1,1,11,2026-06-21T11:35:10.003828,9,11
2026-06-21 11:39:07,mediboard,서울특별시,0,0,A1100075,의료법인풍산의료재단동부제일병원,1125,D,11,5,7,54251903,1,1,11,2026-06-21T11:35:10.003828,6,8
2026-06-21 11:39:07,mediboard,서울특별시,2,2,A1100020,의료법인한전의료재단한일병원,1110,C,11,8,21,54252114,4,4,11,2026-06-21T11:35:10.003828,14,27
2026-06-21 11:39:07,mediboard,서울특별시,8,8,A1100005,이화여자대학교의과대학부속목동병원,1119,A,11,6,19,54252216,5,6,11,2026-06-21T11:35:10.003828,19,33
2026-06-21 11:39:07,mediboard,서울특별시,0,9,A1120796,이화여자대학교의과대학부속서울병원,1104,C,11,-4,14,54252176,6,6,11,2026-06-21T11:35:10.003828,2,29
2026-06-21 11:39:07,mediboard,서울특별시,0,0,A1100016,인제대학교상계백병원,1109,C,11,3,16,54252218,4,7,11,2026-06-21T11:35:10.003828,7,23
2026-06-21 11:39:07,mediboard,서울특별시,8,14,A1100009,재단법인아산사회복지재단서울아산병원,1118,C,11,10,36,54252113,14,26,11,2026-06-21T11:35:10.003828,29,73
2026-06-21 11:39:07,mediboard,서울특별시,2,4,A1100003,중앙대학교병원,1112,C,11,4,18,54252054,0,0,11,2026-06-21T11:35:10.003828,6,22
2026-06-21 11:39:07,mediboard,서울특별시,4,9,A1100012,학교법인가톨릭학원가톨릭대학교서울성모병원,1115,C,11,0,28,54252000,6,8,11,2026-06-21T11:35:10.003828,9,43
2026-06-21 11:39:07,mediboard,서울특별시,4,4,A1100008,학교법인고려중앙학원고려대학교의과대학부속병원(안암병원),1117,A,11,16,30,54252112,8,9,11,2026-06-21T11:35:10.003828,28,43
2026-06-21 11:39:07,mediboard,서울특별시,0,0,A1100053,한국보훈복지의료공단중앙보훈병원,1102,C,11,19,22,54252061,3,3,11,2026-06-21T11:35:10.003828,22,25
2026-06-21 11:39:07,mediboard,서울특별시,0,0,A1100027,한국원자력의학원원자력병원,1109,D,11,8,9,54251901,2,3,11,2026-06-21T11:35:10.003828,10,12
2026-06-21 11:39:07,mediboard,서울특별시,1,3,A1100055,한림대학교강남성심병원,1120,C,11,9,20,54252117,5,5,11,2026-06-21T11:35:10.003828,15,28
2026-06-21 11:39:07,mediboard,서울특별시,2,3,A1100013,한양대학교병원,1116,A,11,17,20,54252272,10,12,11,2026-06-21T11:35:10.003828,29,35
2026-06-21 11:39:07,mediboard,서울특별시,0,0,A1100051,혜민병원,1106,D,11,8,9,54252116,1,1,11,2026-06-21T11:35:10.003828,9,10
2026-06-21 11:39:07,mediboard,서울특별시,0,0,A1100019,홍익병원,1119,D,11,6,9,54252058,1,1,11,2026-06-21T11:35:10.003828,7,10
2026-06-21 11:39:07,mediboard,서울특별시,0,0,A1100049,희명병원,1108,D,11,10,10,54252276,1,1,11,2026-06-21T11:35:10.003828,11,11
2026-06-21 11:39:07,mediboard,부산광역시,0,0,A1200028,(의)서일의료재단기장병원,1203,D,12,6,9,54252178,1,1,12,2026-06-21T11:35:10.003828,7,10
2026-06-21 11:39:07,mediboard,부산광역시,0,0,A1200004,고신대학교복음병원,1211,C,12,17,25,54251952,5,5,12,2026-06-21T11:35:10.003828,22,30
2026-06-21 11:39:07,mediboard,부산광역시,0,0,A1200045,구포성심병원,1208,D,12,4,9,54252007,1,1,12,2026-06-21T11:35:10.003828,5,10
2026-06-21 11:39:07,mediboard,부산광역시,3,3,A1200018,대동병원,1206,C,12,8,15,54252064,2,3,12,2026-06-21T11:35:10.003828,13,21
2026-06-21 11:39:07,mediboard,부산광역시,0,0,A1200015,동남권원자력의학원원자력병원,1203,D,12,4,9,54252121,1,1,12,2026-06-21T11:35:10.003828,5,10
2026-06-21 11:39:07,mediboard,부산광역시,0,0,A1200011,동래봉생병원,1206,D,12,4,8,54252225,2,2,12,2026-06-21T11:35:10.003828,6,10
2026-06-21 11:39:07,mediboard,부산광역시,3,3,A1200003,동아대학교병원,1211,A,12,15,19,54252278,5,5,12,2026-06-21T11:35:10.003828,23,27
2026-06-21 11:39:07,mediboard,부산광역시,0,0,A1200024,부산광역시의료원,1213,D,12,16,18,54252227,2,8,12,2026-06-21T11:35:10.003828,18,26
2026-06-21 11:39:07,mediboard,부산광역시,3,3,A1200002,부산대학교병원,1211,C,12,6,19,54251905,2,3,12,2026-06-21T11:35:10.003828,11,25
2026-06-21 11:39:07,mediboard,부산광역시,4,4,A1200013,부산성모병원(재단법인 천주교부산교구유지재단),1204,D,12,3,10,54252120,5,5,12,2026-06-21T11:35:10.003828,12,19
2026-06-21 11:39:07,mediboard,부산광역시,0,0,A1200007,비에이치에스한서병원,1212,C,12,13,17,54252119,3,3,12,2026-06-21T11:35:10.003828,16,20
2026-06-21 11:39:07,mediboard,부산광역시,0,0,A1200021,삼육부산병원,1211,D,12,3,9,54252005,1,1,12,2026-06-21T11:35:10.003828,4,10
2026-06-21 11:39:07,mediboard,부산광역시,0,0,A1200014,영도병원,1214,D,12,7,7,54252004,2,2,12,2026-06-21T11:35:10.003828,9,9
2026-06-21 11:39:07,mediboard,부산광역시,0,0,A1200009,의료법인 광혜의료재단 광혜병원,1206,D,12,7,9,54252224,3,3,12,2026-06-21T11:35:10.003828,10,12
2026-06-21 11:39:07,mediboard,부산광역시,0,0,A1200098,의료법인 센텀의료재단 센텀종합병원,1212,D,12,4,9,54252122,1,1,12,2026-06-21T11:35:10.003828,5,10
2026-06-21 11:39:07,mediboard,부산광역시,0,0,A1200020,의료법인 온그룹의료재단 온병원,1207,C,12,13,20,54251906,3,3,12,2026-06-21T11:35:10.003828,16,23
2026-06-21 11:39:07,mediboard,부산광역시,0,0,A1200008,의료법인 은성의료재단 좋은강안병원,1212,D,12,2,15,54252062,2,2,12,2026-06-21T11:35:10.003828,4,17
2026-06-21 11:39:07,mediboard,부산광역시,1,1,A1200005,의료법인 은성의료재단 좋은삼선병원,1209,C,12,7,13,54252003,6,6,12,2026-06-21T11:35:10.003828,14,20
2026-06-21 11:39:07,mediboard,부산광역시,0,0,A1200006,의료법인 인당의료재단 부민병원,1208,D,12,2,10,54252223,2,2,12,2026-06-21T11:35:10.003828,4,12
2026-06-21 11:39:07,mediboard,부산광역시,0,0,A1205143,의료법인 인당의료재단 해운대부민병원,1216,D,12,6,9,54252179,1,1,12,2026-06-21T11:35:10.003828,7,10
2026-06-21 11:39:07,mediboard,부산광역시,0,0,A1200012,의료법인 행도의료재단 해동병원,1214,D,12,5,6,54251953,1,1,12,2026-06-21T11:35:10.003828,6,7
2026-06-21 11:39:07,mediboard,부산광역시,0,0,A1200017,의료법인정화의료재단 봉생기념병원,1205,D,12,7,9,54252063,2,2,12,2026-06-21T11:35:10.003828,9,11
2026-06-21 11:39:07,mediboard,부산광역시,2,3,A1200022,인제대학교 해운대백병원,1216,A,12,18,29,54252177,5,5,12,2026-06-21T11:35:10.003828,25,37
2026-06-21 11:39:07,mediboard,부산광역시,0,0,A1200001,인제대학교부산백병원,1207,C,12,19,32,54252118,3,3,12,2026-06-21T11:35:10.003828,22,35
2026-06-21 11:39:07,mediboard,부산광역시,0,0,A1200023,재단법인천주교부산교구유지재단 메리놀병원,1215,D,12,8,9,54252006,0,1,12,2026-06-21T11:35:10.003828,8,10
2026-06-21 11:39:07,mediboard,부산광역시,2,2,A1200026,좋은문화병원,1205,D,12,3,7,54251908,3,3,12,2026-06-21T11:35:10.003828,8,12
2026-06-21 11:39:07,mediboard,부산광역시,0,0,A1200025,학교법인 춘해병원,1207,D,12,5,9,54251907,1,1,12,2026-06-21T11:35:10.003828,6,10
2026-06-21 11:39:07,mediboard,부산광역시,0,0,A1200019,학교법인)동의병원,1207,D,12,8,14,54251954,1,1,12,2026-06-21T11:35:10.003828,9,15
2026-06-21 11:39:07,mediboard,부산광역시,0,0,A1200016,한국보훈복지의료공단 부산보훈병원,1209,D,12,8,11,54252226,2,2,12,2026-06-21T11:35:10.003828,10,13
2026-06-21 11:39:07,mediboard,인천광역시,0,0,A1300081,(재)미리내천주성삼성직수도회천주성삼병원,1307,D,13,5,9,54252124,1,2,13,2026-06-21T11:35:10.003828,6,11
2026-06-21 11:39:07,mediboard,인천광역시,0,0,A1300018,강남종합병원,1304,D,13,11,15,54252232,1,1,13,2026-06-21T11:35:10.003828,12,16
2026-06-21 11:39:07,mediboard,인천광역시,3,4,A1300002,경북대학교병원,1308,A,13,10,27,54252228,5,5,13,2026-06-21T11:35:10.003828,18,36
2026-06-21 11:39:07,mediboard,인천광역시,0,0,A1303386,계명대학교대구동산병원,1308,D,13,10,12,54251956,2,2,13,2026-06-21T11:35:10.003828,12,14
2026-06-21 11:39:07,mediboard,인천광역시,0,0,A1300003,계명대학교동산병원,1302,C,13,8,23,54251909,1,3,13,2026-06-21T11:35:10.003828,9,26
2026-06-21 11:39:07,mediboard,인천광역시,0,0,A1300008,곽병원,1308,D,13,4,10,54252231,2,2,13,2026-06-21T11:35:10.003828,6,12
2026-06-21 11:39:07,mediboard,인천광역시,0,0,A1300038,나사렛종합병원,1302,D,13,0,9,54252279,2,10,13,2026-06-21T11:35:10.003828,2,19
2026-06-21 11:39:07,mediboard,인천광역시,0,0,A1300004,대구가톨릭대학교병원,1301,C,13,13,24,54252009,4,4,13,2026-06-21T11:35:10.003828,17,28
2026-06-21 11:39:07,mediboard,인천광역시,0,0,A1300005,대구가톨릭대학교칠곡가톨릭병원,1305,D,13,5,9,54252229,1,1,13,2026-06-21T11:35:10.003828,6,10
2026-06-21 11:39:07,mediboard,인천광역시,0,0,A1300076,대구굿모닝병원,1306,D,13,14,17,54252233,2,2,13,2026-06-21T11:35:10.003828,16,19
2026-06-21 11:39:07,mediboard,인천광역시,0,0,A1300007,대구의료원,1306,D,13,15,18,54252230,2,2,13,2026-06-21T11:35:10.003828,17,20
2026-06-21 11:39:07,mediboard,인천광역시,2,5,A1300009,대구파티마병원,1304,C,13,-3,25,54252010,6,7,13,2026-06-21T11:35:10.003828,5,37
2026-06-21 11:39:07,mediboard,인천광역시,0,0,A1300110,더블유병원,1302,D,13,4,10,54252065,1,1,13,2026-06-21T11:35:10.003828,5,11
2026-06-21 11:39:07,mediboard,인천광역시,0,0,A1300034,드림종합병원,1301,D,13,2,8,54252123,2,2,13,2026-06-21T11:35:10.003828,4,10
2026-06-21 11:39:07,mediboard,인천광역시,0,0,A1300045,삼일병원,1302,D,13,3,14,54252012,1,1,13,2026-06-21T11:35:10.003828,4,15
2026-06-21 11:39:07,mediboard,인천광역시,3,3,A1300001,영남대학교병원,1301,A,13,25,28,54252008,5,5,13,2026-06-21T11:35:10.003828,33,36
2026-06-21 11:39:07,mediboard,인천광역시,0,0,A1300006,의료법인구의료재단구병원,1302,D,13,5,10,54251955,1,1,13,2026-06-21T11:35:10.003828,6,11
2026-06-21 11:39:07,mediboard,인천광역시,4,9,A1300010,칠곡경북대학교병원,1305,C,13,8,23,54252180,6,6,13,2026-06-21T11:35:10.003828,16,36
2026-06-21 11:39:07,mediboard,인천광역시,0,0,A1300011,한국보훈복지의료공단대구보훈병원,1302,D,13,12,12,54252011,2,2,13,2026-06-21T11:35:10.003828,14,14
2026-06-21 11:39:07,mediboard,대구광역시,0,0,A1400008,(의)성세의료재단 뉴성민병원,1407,D,14,8,9,54251958,1,1,14,2026-06-21T11:35:10.003828,9,10
2026-06-21 11:39:07,mediboard,대구광역시,1,3,A1400015,가톨릭관동대학교국제성모병원,1407,C,14,13,23,54252068,5,5,14,2026-06-21T11:35:10.003828,19,31
2026-06-21 11:39:07,mediboard,대구광역시,3,4,A1400012,가톨릭대학교 인천성모병원,1406,C,14,-4,19,54252182,5,8,14,2026-06-21T11:35:10.003828,4,31
2026-06-21 11:39:07,mediboard,대구광역시,0,0,A1400010,검단탑병원,1407,C,14,10,18,54251910,3,3,14,2026-06-21T11:35:10.003828,13,21
2026-06-21 11:39:07,mediboard,대구광역시,0,0,A1403617,비에스종합병원,1401,D,14,7,10,54252127,1,1,14,2026-06-21T11:35:10.003828,8,11
2026-06-21 11:39:07,mediboard,대구광역시,0,0,A1400013,안은의료재단 부평세림병원,1406,C,14,11,16,54252067,4,4,14,2026-06-21T11:35:10.003828,15,20
2026-06-21 11:39:07,mediboard,대구광역시,0,0,A1400005,온누리병원,1407,D,14,7,9,54252181,2,2,14,2026-06-21T11:35:10.003828,9,11
2026-06-21 11:39:07,mediboard,대구광역시,9,11,A1400001,의료법인 길의료재단 길병원,1404,A,14,8,25,54252234,5,7,14,2026-06-21T11:35:10.003828,20,41
2026-06-21 11:39:07,mediboard,대구광역시,0,0,A1400011,의료법인 나사렛의료재단 나사렛국제병원,1408,C,14,11,17,54251911,3,5,14,2026-06-21T11:35:10.003828,14,22
2026-06-21 11:39:07,mediboard,대구광역시,0,0,A1400003,의료법인 루가의료재단 나은병원,1407,C,14,8,11,54251957,10,10,14,2026-06-21T11:35:10.003828,18,21
2026-06-21 11:39:07,mediboard,대구광역시,0,0,A1400007,의료법인 성수의료재단 인천백병원,1405,D,14,4,5,54252066,1,1,14,2026-06-21T11:35:10.003828,5,6
2026-06-21 11:39:07,mediboard,대구광역시,0,0,A1400014,의료법인인성의료재단한림병원,1402,C,14,16,17,54252183,3,4,14,2026-06-21T11:35:10.003828,19,21
2026-06-21 11:39:07,mediboard,대구광역시,0,0,A1400017,인천광역시의료원,1405,D,14,13,15,54251960,2,2,14,2026-06-21T11:35:10.003828,15,17
2026-06-21 11:39:07,mediboard,대구광역시,0,0,A1400037,인천광역시의료원백령병원,1409,D,14,5,5,54252070,1,1,14,2026-06-21T11:35:10.003828,6,6
2026-06-21 11:39:07,mediboard,대구광역시,0,0,A1400009,인천기독병원,1410,D,14,7,8,54251959,1,1,14,2026-06-21T11:35:10.003828,8,9
2026-06-21 11:39:07,mediboard,대구광역시,0,0,A1400016,인천사랑병원,1403,C,14,7,14,54252125,6,7,14,2026-06-21T11:35:10.003828,13,21
2026-06-21 11:39:07,mediboard,대구광역시,0,0,A1403372,인천세종병원,1402,C,14,12,18,54252126,3,3,14,2026-06-21T11:35:10.003828,15,21
2026-06-21 11:39:07,mediboard,대구광역시,0,0,A1400018,인천적십자병원,1408,D,14,8,8,54252069,2,2,14,2026-06-21T11:35:10.003828,10,10
2026-06-21 11:39:07,mediboard,대구광역시,0,0,A1403871,인천힘찬종합병원,1404,D,14,14,17,54252184,3,6,14,2026-06-21T11:35:10.003828,17,23
2026-06-21 11:39:07,mediboard,대구광역시,3,9,A1400002,인하대학교의과대학부속병원,1410,A,14,5,20,54252013,5,9,14,2026-06-21T11:35:10.003828,12,36
2026-06-21 11:39:07,mediboard,대구광역시,0,0,A1400004,현대유비스병원,1403,D,14,17,18,54252235,1,1,14,2026-06-21T11:35:10.003828,18,19
2026-06-21 11:39:07,mediboard,광주광역시,4,7,A1500019,KS병원,1501,C,15,3,15,54252185,3,3,15,2026-06-21T11:35:10.003828,10,25
2026-06-21 11:39:07,mediboard,광주광역시,0,0,A1500021,광주기독병원,1502,C,15,4,20,54252186,3,6,15,2026-06-21T11:35:10.003828,7,26
2026-06-21 11:39:07,mediboard,광주광역시,0,0,A1500015,광주병원,1504,D,15,5,10,54251914,1,1,15,2026-06-21T11:35:10.003828,6,11
2026-06-21 11:39:07,mediboard,광주광역시,0,0,A1500004,광주보훈병원,1501,D,15,10,14,54252014,2,2,15,2026-06-21T11:35:10.003828,12,16
2026-06-21 11:39:07,mediboard,광주광역시,0,0,A1502007,광주센트럴병원,1501,D,15,6,10,54252239,1,1,15,2026-06-21T11:35:10.003828,7,11
2026-06-21 11:39:07,mediboard,광주광역시,0,0,A1500018,광주수완병원,1501,D,15,8,9,54251915,0,1,15,2026-06-21T11:35:10.003828,8,10
2026-06-21 11:39:07,mediboard,광주광역시,0,0,A1500009,광주씨티병원,1502,D,15,8,10,54251912,1,1,15,2026-06-21T11:35:10.003828,9,11
2026-06-21 11:39:07,mediboard,광주광역시,0,0,A1500005,광주일곡병원,1504,D,15,7,9,54252280,1,1,15,2026-06-21T11:35:10.003828,8,10
2026-06-21 11:39:07,mediboard,광주광역시,0,0,A1500016,광주한국병원,1505,D,15,8,15,54252130,1,1,15,2026-06-21T11:35:10.003828,9,16
2026-06-21 11:39:07,mediboard,광주광역시,0,0,A1500003,광주현대병원,1504,D,15,6,9,54252128,2,2,15,2026-06-21T11:35:10.003828,8,11
2026-06-21 11:39:07,mediboard,광주광역시,0,0,A1500007,광주희망병원,1504,D,15,5,9,54251961,1,1,15,2026-06-21T11:35:10.003828,6,10
2026-06-21 11:39:07,mediboard,광주광역시,0,0,A1500013,동아병원,1502,D,15,7,9,54251913,1,1,15,2026-06-21T11:35:10.003828,8,10
2026-06-21 11:39:07,mediboard,광주광역시,0,0,A1500014,미래로21병원,1505,D,15,8,9,54252129,1,1,15,2026-06-21T11:35:10.003828,9,10
2026-06-21 11:39:07,mediboard,광주광역시,0,0,A1500022,상무병원,1505,D,15,6,9,54252238,1,1,15,2026-06-21T11:35:10.003828,7,10
2026-06-21 11:39:07,mediboard,광주광역시,2,2,A1500020,서광병원,1505,C,15,12,18,54252283,3,3,15,2026-06-21T11:35:10.003828,17,23
2026-06-21 11:39:07,mediboard,광주광역시,0,0,A1500006,신가병원,1501,D,15,8,9,54252281,2,2,15,2026-06-21T11:35:10.003828,10,11
2026-06-21 11:39:07,mediboard,광주광역시,0,0,A1500010,운암한국병원,1504,D,15,5,9,54252237,1,1,15,2026-06-21T11:35:10.003828,6,10
2026-06-21 11:39:07,mediboard,광주광역시,3,4,A1500002,전남대학교병원,1503,A,15,8,28,54252236,3,7,15,2026-06-21T11:35:10.003828,14,39
2026-06-21 11:39:07,mediboard,광주광역시,2,4,A1500001,조선대학교병원,1503,A,15,15,23,54252071,5,5,15,2026-06-21T11:35:10.003828,22,32
2026-06-21 11:39:07,mediboard,광주광역시,0,0,A1500011,첨단종합병원,1501,C,15,15,22,54252282,3,3,15,2026-06-21T11:35:10.003828,18,25
2026-06-21 11:39:07,mediboard,광주광역시,0,0,A1500017,하남성심병원,1501,D,15,15,19,54252072,1,2,15,2026-06-21T11:35:10.003828,16,21
2026-06-21 11:39:07,mediboard,대전광역시,0,0,A1600004,대전보훈병원,1601,D,16,6,7,54251916,2,2,16,2026-06-21T11:35:10.003828,8,9
2026-06-21 11:39:07,mediboard,대전광역시,0,0,A1600003,대전한국병원,1602,D,16,8,9,54252073,1,1,16,2026-06-21T11:35:10.003828,9,10
2026-06-21 11:39:07,mediboard,대전광역시,0,0,A1602246,대청병원,1603,D,16,8,9,54252187,1,1,16,2026-06-21T11:35:10.003828,9,10
2026-06-21 11:39:07,mediboard,대전광역시,0,0,A1600008,의료법인영훈의료재단대전선병원,1605,C,16,13,17,54252074,4,9,16,2026-06-21T11:35:10.003828,17,26
2026-06-21 11:39:07,mediboard,대전광역시,0,0,A1600007,의료법인영훈의료재단유성선병원,1604,C,16,13,17,54251963,3,7,16,2026-06-21T11:35:10.003828,16,24
2026-06-21 11:39:07,mediboard,대전광역시,4,6,A1600001,충남대학교병원,1605,A,16,11,28,54252015,5,5,16,2026-06-21T11:35:10.003828,20,39
2026-06-21 11:39:07,mediboard,대전광역시,0,0,A1600005,학교법인가톨릭학원가톨릭대학교대전성모병원,1605,C,16,15,19,54252284,3,3,16,2026-06-21T11:35:10.003828,18,22
2026-06-21 11:39:07,mediboard,대전광역시,5,5,A1600006,학교법인건양교육재단건양대학교병원,1603,A,16,17,24,54251962,5,5,16,2026-06-21T11:35:10.003828,27,34
2026-06-21 11:39:07,mediboard,대전광역시,0,0,A1600002,학교법인을지학원대전을지대학교병원,1603,C,16,19,23,54252240,6,6,16,2026-06-21T11:35:10.003828,25,29
2026-06-21 11:39:07,mediboard,울산광역시,0,0,A1700001,서울산보람병원,1704,D,17,10,10,54251964,1,1,17,2026-06-21T11:35:10.003828,11,11
2026-06-21 11:39:07,mediboard,울산광역시,0,0,A1700003,울산병원,1701,C,17,9,19,54252131,3,3,17,2026-06-21T11:35:10.003828,12,22
2026-06-21 11:39:07,mediboard,울산광역시,0,0,A1700002,의료법인동강의료재단동강병원,1705,C,17,20,24,54252188,3,3,17,2026-06-21T11:35:10.003828,23,27
2026-06-21 11:39:07,mediboard,울산광역시,0,0,A1700025,의료법인송은의료재단울산시티병원,1703,C,17,9,17,54252132,3,3,17,2026-06-21T11:35:10.003828,12,20
2026-06-21 11:39:07,mediboard,울산광역시,0,0,A1700011,의료법인은성의료재단좋은삼정병원,1701,D,17,4,9,54252189,1,1,17,2026-06-21T11:35:10.003828,5,10
2026-06-21 11:39:07,mediboard,울산광역시,0,0,A1700028,의료법인정안의료재단중앙병원,1701,C,17,13,17,54252016,3,3,17,2026-06-21T11:35:10.003828,16,20
2026-06-21 11:39:07,mediboard,울산광역시,8,8,A1700004,학교법인울산공업학원울산대학교병원,1702,A,17,5,23,54252075,6,6,17,2026-06-21T11:35:10.003828,19,37
2026-06-21 11:39:07,mediboard,경기도,0,0,A2100019,(의)영문의료재단 다보스병원,2136,C,21,10,13,54252021,7,7,21,2026-06-21T11:35:10.003828,17,20
2026-06-21 11:39:07,mediboard,경기도,0,0,A2100122,(의)효심의료재단용인서울병원,2136,D,21,8,10,54252293,0,0,21,2026-06-21T11:35:10.003828,8,10
2026-06-21 11:39:07,mediboard,경기도,0,0,A2100052,가톨릭대학교부천성모병원,2113,C,21,20,31,54251924,6,6,21,2026-06-21T11:35:10.003828,26,37
2026-06-21 11:39:07,mediboard,경기도,7,8,A2100012,가톨릭대학교성빈센트병원,2122,C,21,-7,28,54252076,4,6,21,2026-06-21T11:35:10.003828,2,40
2026-06-21 11:39:07,mediboard,경기도,9,11,A2100040,가톨릭대학교의정부성모병원,2138,A,21,11,44,54251970,6,6,21,2026-06-21T11:35:10.003828,26,61
2026-06-21 11:39:07,mediboard,경기도,0,0,A2100029,강남병원,2134,C,21,12,17,54252192,3,3,21,2026-06-21T11:35:10.003828,15,20
2026-06-21 11:39:07,mediboard,경기도,0,0,A2100193,경기도의료원 이천병원,2139,C,21,7,17,54252194,3,3,21,2026-06-21T11:35:10.003828,10,20
2026-06-21 11:39:07,mediboard,경기도,0,0,A2100032,경기도의료원수원병원,2121,D,21,3,8,54252135,5,5,21,2026-06-21T11:35:10.003828,8,13
2026-06-21 11:39:07,mediboard,경기도,0,0,A2100045,경기도의료원안성병원,2126,D,21,13,14,54252136,1,5,21,2026-06-21T11:35:10.003828,14,19
2026-06-21 11:39:07,mediboard,경기도,0,0,A2100043,경기도의료원의정부병원,2138,D,21,9,10,54252289,1,1,21,2026-06-21T11:35:10.003828,10,11
2026-06-21 11:39:07,mediboard,경기도,0,0,A2100035,경기도의료원파주병원,2140,C,21,8,17,54251922,3,3,21,2026-06-21T11:35:10.003828,11,20
2026-06-21 11:39:07,mediboard,경기도,0,0,A2100031,경기도의료원포천병원,2142,C,21,17,17,54252079,3,3,21,2026-06-21T11:35:10.003828,20,20
2026-06-21 11:39:07,mediboard,경기도,4,4,A2100003,고려대학교의과대학부속안산병원,2124,A,21,5,22,54251967,6,8,21,2026-06-21T11:35:10.003828,15,34
2026-06-21 11:39:07,mediboard,경기도,4,4,A2100007,광명성애병원,2106,C,21,8,11,54252242,5,5,21,2026-06-21T11:35:10.003828,17,20
2026-06-21 11:39:07,mediboard,경기도,0,0,A2100258,국군수도병원,2116,D,21,15,16,54252195,0,2,21,2026-06-21T11:35:10.003828,15,18
2026-06-21 11:39:07,mediboard,경기도,0,0,A2100049,국립암센터,2103,D,21,20,24,54252081,1,1,21,2026-06-21T11:35:10.003828,21,25
2026-06-21 11:39:07,mediboard,경기도,3,5,A2100033,국민건강보험공단일산병원,2103,A,21,15,23,54252287,5,5,21,2026-06-21T11:35:10.003828,23,33
2026-06-21 11:39:07,mediboard,경기도,0,0,A2100014,근로복지공단안산병원,2125,D,21,5,7,54252018,1,1,21,2026-06-21T11:35:10.003828,6,8
2026-06-21 11:39:07,mediboard,경기도,0,0,A2100041,남양주한양병원,2111,C,21,14,17,54252288,3,3,21,2026-06-21T11:35:10.003828,17,20
2026-06-21 11:39:07,mediboard,경기도,0,0,A2100017,대아의료재단한도병원,2124,C,21,11,17,54252020,3,3,21,2026-06-21T11:35:10.003828,14,20
2026-06-21 11:39:07,mediboard,경기도,3,3,A2100025,대진의료재단분당제생병원,2116,C,21,13,24,54252244,3,3,21,2026-06-21T11:35:10.003828,19,30
2026-06-21 11:39:07,mediboard,경기도,3,3,A2100047,동국대학교일산불교병원,2103,C,21,9,19,54252080,7,7,21,2026-06-21T11:35:10.003828,19,29
2026-06-21 11:39:07,mediboard,경기도,0,0,A2100131,메디인병원,2140,D,21,9,12,54252246,2,2,21,2026-06-21T11:35:10.003828,11,14
2026-06-21 11:39:07,mediboard,경기도,0,0,A2121142,메디필드한강병원,2136,D,21,15,17,54252251,3,3,21,2026-06-21T11:35:10.003828,18,20
2026-06-21 11:39:07,mediboard,경기도,0,0,A2100055,부천세종병원,2113,C,21,14,17,54252026,3,3,21,2026-06-21T11:35:10.003828,17,20
2026-06-21 11:39:07,mediboard,경기도,3,5,A2100001,분당서울대학교병원,2116,A,21,-29,30,54251966,4,5,21,2026-06-21T11:35:10.003828,-22,40
2026-06-21 11:39:07,mediboard,경기도,6,6,A2116806,성남시의료원,2117,C,21,15,17,54252250,6,6,21,2026-06-21T11:35:10.003828,27,29
2026-06-21 11:39:07,mediboard,경기도,0,0,A2100011,성남중앙병원,2118,D,21,9,9,54251919,1,1,21,2026-06-21T11:35:10.003828,10,10
2026-06-21 11:39:07,mediboard,경기도,0,0,A2100194,세종여주병원,2131,D,21,4,6,54251925,7,7,21,2026-06-21T11:35:10.003828,11,13
2026-06-21 11:39:07,mediboard,경기도,0,0,A2100016,순천의료재단성남정병원,2117,D,21,7,9,54251968,2,2,21,2026-06-21T11:35:10.003828,9,11
2026-06-21 11:39:07,mediboard,경기도,3,5,A2100005,순천향대학교부속부천병원,2113,A,21,7,17,54251918,4,5,21,2026-06-21T11:35:10.003828,14,27
2026-06-21 11:39:07,mediboard,경기도,9,14,A2100002,아주대학교병원,2120,A,21,9,32,54252017,11,13,21,2026-06-21T11:35:10.003828,25,54
2026-06-21 11:39:07,mediboard,경기도,0,0,A2100305,안성성모병원,2126,D,21,7,9,54252249,1,1,21,2026-06-21T11:35:10.003828,8,10
2026-06-21 11:39:07,mediboard,경기도,0,0,A2100089,양평병원,2130,D,21,3,9,54252138,1,1,21,2026-06-21T11:35:10.003828,4,10
2026-06-21 11:39:07,mediboard,경기도,0,0,A2118188,엘병원,2111,D,21,7,8,54252140,2,2,21,2026-06-21T11:35:10.003828,9,10
2026-06-21 11:39:07,mediboard,경기도,2,6,A2100020,연세대학교의과대학용인세브란스병원,2134,C,21,6,16,54252285,4,4,21,2026-06-21T11:35:10.003828,12,26
2026-06-21 11:39:07,mediboard,경기도,0,0,E2100187,연천군보건의료원,2132,D,21,10,10,54251944,0,0,21,2026-06-21T11:35:10.003828,10,10
2026-06-21 11:39:07,mediboard,경기도,0,0,A2100024,오산한국병원,2133,C,21,7,17,54252286,3,3,21,2026-06-21T11:35:10.003828,10,20
2026-06-21 11:39:07,mediboard,경기도,0,0,A2100048,원광대학교산본병원,2109,C,21,14,17,54252025,2,3,21,2026-06-21T11:35:10.003828,16,20
2026-06-21 11:39:07,mediboard,경기도,4,5,A2100008,의료법인 남촌의료재단 시화병원,2123,C,21,11,16,54252133,3,6,21,2026-06-21T11:35:10.003828,18,27
2026-06-21 11:39:07,mediboard,경기도,0,0,A2100013,의료법인 록향의료재단 신천연합병원,2123,D,21,5,10,54252243,1,1,21,2026-06-21T11:35:10.003828,6,11
2026-06-21 11:39:07,mediboard,경기도,0,0,A2100036,의료법인 일심의료재단 포천우리병원,2142,D,21,18,18,54252024,4,4,21,2026-06-21T11:35:10.003828,22,22
2026-06-21 11:39:07,mediboard,경기도,0,0,A2100309,의료법인갈렌의료재단박병원,2141,D,21,8,10,54252083,1,1,21,2026-06-21T11:35:10.003828,9,11
2026-06-21 11:39:07,mediboard,경기도,0,0,A2100009,의료법인녹산의료재단동수원병원,2122,C,21,10,17,54252134,3,3,21,2026-06-21T11:35:10.003828,13,20
2026-06-21 11:39:07,mediboard,경기도,0,0,A2100050,의료법인대인의료재단다니엘종합병원,2113,D,21,5,6,54252291,4,4,21,2026-06-21T11:35:10.003828,9,10
2026-06-21 11:39:07,mediboard,경기도,3,3,A2121061,의료법인덕산의료재단수원덕산병원,2119,D,21,20,24,54252294,3,3,21,2026-06-21T11:35:10.003828,26,30
2026-06-21 11:39:07,mediboard,경기도,0,0,A2117135,의료법인명인의료재단화홍병원,2119,C,21,10,15,54252028,5,5,21,2026-06-21T11:35:10.003828,15,20
2026-06-21 11:39:07,mediboard,경기도,3,3,A2100042,의료법인명지의료재단명지병원,2102,A,21,13,15,54252245,11,11,21,2026-06-21T11:35:10.003828,24,26
2026-06-21 11:39:07,mediboard,경기도,0,0,A2100022,의료법인박애의료재단박애병원,2141,D,21,8,10,54252022,1,1,21,2026-06-21T11:35:10.003828,9,11
2026-06-21 11:39:07,mediboard,경기도,0,0,A2100028,의료법인백송의료재단굿모닝병원,2141,C,21,4,19,54252023,8,9,21,2026-06-21T11:35:10.003828,12,28
2026-06-21 11:39:07,mediboard,경기도,0,0,A2100027,의료법인석경의료재단센트럴병원,2123,D,21,18,18,54252078,3,3,21,2026-06-21T11:35:10.003828,21,21
2026-06-21 11:39:07,mediboard,경기도,0,0,A2116972,의료법인성광의료재단일산차병원,2103,D,21,4,6,54252027,1,4,21,2026-06-21T11:35:10.003828,5,10
2026-06-21 11:39:07,mediboard,경기도,0,0,A2113246,의료법인양진의료재단평택성모병원,2141,C,21,6,17,54252084,3,3,21,2026-06-21T11:35:10.003828,9,20
2026-06-21 11:39:07,mediboard,경기도,0,0,A2100034,의료법인영동의료재단의정부백병원,2138,D,21,6,10,54251921,2,2,21,2026-06-21T11:35:10.003828,8,12
2026-06-21 11:39:07,mediboard,경기도,0,0,A2100053,의료법인우리의료재단김포우리병원,2110,C,21,17,22,54252137,7,7,21,2026-06-21T11:35:10.003828,24,29
2026-06-21 11:39:07,mediboard,경기도,0,0,A2115699,의료법인원광의료재단원광종합병원,2146,D,21,7,9,54251972,1,1,21,2026-06-21T11:35:10.003828,8,10
2026-06-21 11:39:07,mediboard,경기도,0,0,A2100018,의료법인은혜와감사의료재단화성중앙종합병원,2144,D,21,7,9,54252191,1,1,21,2026-06-21T11:35:10.003828,8,10
2026-06-21 11:39:07,mediboard,경기도,0,0,A2100006,의료법인인봉의료재단뉴고려병원,2110,C,21,11,14,54252241,6,6,21,2026-06-21T11:35:10.003828,17,20
2026-06-21 11:39:07,mediboard,경기도,0,0,A2100290,의료법인자인의료재단(더자인병원),2102,D,21,12,16,54252082,4,4,21,2026-06-21T11:35:10.003828,16,20
2026-06-21 11:39:07,mediboard,경기도,0,0,A2100124,의료법인칠석의료재단사랑의병원,2125,D,21,9,13,54251971,1,1,21,2026-06-21T11:35:10.003828,10,14
2026-06-21 11:39:07,mediboard,경기도,0,0,A2100175,의료법인토마스의료재단윌스기념병원,2122,D,21,16,18,54252248,3,3,21,2026-06-21T11:35:10.003828,19,21
2026-06-21 11:39:07,mediboard,경기도,0,0,A2100021,의료법인플러스의료재단단원병원,2124,D,21,15,17,54252077,3,3,21,2026-06-21T11:35:10.003828,18,20
2026-06-21 11:39:07,mediboard,경기도,4,4,A2100038,인제대학교일산백병원,2104,C,21,16,30,54252193,4,6,21,2026-06-21T11:35:10.003828,24,40
2026-06-21 11:39:07,mediboard,경기도,0,0,A2118788,중앙대학교광명병원,2106,C,21,17,21,54251926,3,3,21,2026-06-21T11:35:10.003828,20,24
2026-06-21 11:39:07,mediboard,경기도,8,13,A2100030,차의과학대학교분당차병원,2116,A,21,11,22,54251920,7,7,21,2026-06-21T11:35:10.003828,24,40
2026-06-21 11:39:07,mediboard,경기도,1,1,A2100155,참조은병원,2107,C,21,-2,9,54252247,10,10,21,2026-06-21T11:35:10.003828,9,20
2026-06-21 11:39:07,mediboard,경기도,0,0,A2100150,추병원,2138,D,21,9,12,54252139,2,2,21,2026-06-21T11:35:10.003828,11,14
2026-06-21 11:39:07,mediboard,경기도,6,6,A2117994,학교법인을지학원의정부을지대학교병원,2138,C,21,26,30,54252029,11,11,21,2026-06-21T11:35:10.003828,43,47
2026-06-21 11:39:07,mediboard,경기도,9,9,A2100046,한림대학교동탄성심병원,2147,C,21,23,32,54252290,3,3,21,2026-06-21T11:35:10.003828,35,44
2026-06-21 11:39:07,mediboard,경기도,3,3,A2100004,한림대학교성심병원,2127,A,21,9,25,54251917,10,11,21,2026-06-21T11:35:10.003828,22,39
2026-06-21 11:39:07,mediboard,경기도,0,0,A2100039,한양대학교구리병원,2108,C,21,9,18,54251969,4,5,21,2026-06-21T11:35:10.003828,13,23
2026-06-21 11:39:07,mediboard,경기도,0,0,A2100037,현대병원,2111,C,21,11,17,54251923,3,3,21,2026-06-21T11:35:10.003828,14,20
2026-06-21 11:39:07,mediboard,경기도,0,0,A2100015,효산의료재단 안양샘병원,2128,C,21,12,17,54252019,3,3,21,2026-06-21T11:35:10.003828,15,20
2026-06-21 11:39:07,mediboard,경기도,0,0,A2100054,효산의료재단지샘병원,2109,C,21,13,18,54252292,4,4,21,2026-06-21T11:35:10.003828,17,22
2026-06-21 11:39:07,mediboard,강원특별자치도,3,3,A2200008,강릉아산병원,2201,A,22,11,23,54252141,5,5,22,2026-06-21T11:35:10.003828,19,31
2026-06-21 11:39:07,mediboard,강원특별자치도,3,3,A2200009,강원대학교병원,2213,C,22,11,21,54252295,5,5,22,2026-06-21T11:35:10.003828,19,29
2026-06-21 11:39:07,mediboard,강원특별자치도,0,0,A2200011,강원특별자치도강릉의료원,2201,D,22,1,5,54252086,1,1,22,2026-06-21T11:35:10.003828,2,6
2026-06-21 11:39:07,mediboard,강원특별자치도,1,1,A2200007,강원특별자치도삼척의료원,2204,C,22,13,16,54251927,3,5,22,2026-06-21T11:35:10.003828,17,22
2026-06-21 11:39:07,mediboard,강원특별자치도,0,0,A2200012,강원특별자치도속초의료원,2205,C,22,13,17,54252296,3,3,22,2026-06-21T11:35:10.003828,16,20
2026-06-21 11:39:07,mediboard,강원특별자치도,0,0,A2200002,강원특별자치도영월의료원,2208,D,22,9,9,54251973,1,1,22,2026-06-21T11:35:10.003828,10,10
2026-06-21 11:39:07,mediboard,강원특별자치도,0,0,A2200015,강원특별자치도원주의료원,2209,D,22,-1,8,54252088,2,2,22,2026-06-21T11:35:10.003828,1,10
2026-06-21 11:39:07,mediboard,강원특별자치도,0,0,A2200048,근로복지공단정선병원,2211,D,22,5,5,54252031,1,1,22,2026-06-21T11:35:10.003828,6,6
2026-06-21 11:39:07,mediboard,강원특별자치도,0,0,A2200004,근로복지공단태백병원,2214,D,22,7,9,54252030,1,1,22,2026-06-21T11:35:10.003828,8,10
2026-06-21 11:39:07,mediboard,강원특별자치도,3,3,A2200001,연세대학교원주세브란스기독병원,2209,A,22,20,31,54252085,36,45,22,2026-06-21T11:35:10.003828,59,79
2026-06-21 11:39:07,mediboard,강원특별자치도,0,0,A2200005,의료법인강릉동인병원,2201,C,22,14,17,54252197,3,3,22,2026-06-21T11:35:10.003828,17,20
2026-06-21 11:39:07,mediboard,강원특별자치도,0,0,A2200003,의료법인동해동인병원,2203,D,22,8,10,54252196,1,1,22,2026-06-21T11:35:10.003828,9,11
2026-06-21 11:39:07,mediboard,강원특별자치도,0,0,A2200037,의료법인성심의료재단양구성심병원,2206,D,22,4,5,54252297,1,1,22,2026-06-21T11:35:10.003828,5,6
2026-06-21 11:39:07,mediboard,강원특별자치도,0,0,A2200024,의료법인성지의료재단성지병원,2209,D,22,3,7,54252143,1,1,22,2026-06-21T11:35:10.003828,4,8
2026-06-21 11:39:07,mediboard,강원특별자치도,0,0,A2200046,의료법인온세움의료재단온재병원,2205,D,22,9,9,54252298,1,1,22,2026-06-21T11:35:10.003828,10,10
2026-06-21 11:39:07,mediboard,강원특별자치도,0,0,A2201730,철원병원,2212,D,22,3,5,54251974,1,1,22,2026-06-21T11:35:10.003828,4,6
2026-06-21 11:39:07,mediboard,강원특별자치도,0,0,E2200026,평창군보건의료원,2215,D,22,6,6,54252052,1,1,22,2026-06-21T11:35:10.003828,7,7
2026-06-21 11:39:07,mediboard,강원특별자치도,3,3,A2200013,한림대학교춘천성심병원,2213,A,22,15,22,54251928,5,5,22,2026-06-21T11:35:10.003828,23,30
2026-06-21 11:39:07,mediboard,강원특별자치도,0,0,A2200014,홍천아산병원,2216,D,22,4,10,54252087,0,0,22,2026-06-21T11:35:10.003828,4,10
2026-06-21 11:39:07,mediboard,강원특별자치도,0,0,E2200025,화천군보건의료원,2217,D,22,7,7,54252167,1,1,22,2026-06-21T11:35:10.003828,8,8
2026-06-21 11:39:07,mediboard,강원특별자치도,0,0,A2200016,횡성대성병원,2218,D,22,7,9,54252142,1,1,22,2026-06-21T11:35:10.003828,8,10
2026-06-21 11:39:07,mediboard,충청북도,0,0,A2300010,건국대학교충주병원,2314,C,23,16,20,54252299,3,3,23,2026-06-21T11:35:10.003828,19,23
2026-06-21 11:39:07,mediboard,충청북도,0,0,E2300011,단양군보건의료원,2302,D,23,4,6,54251998,1,2,23,2026-06-21T11:35:10.003828,5,8
2026-06-21 11:39:07,mediboard,충청북도,0,0,A2300013,의료법인 건명의료재단 중앙제일병원,2309,C,23,11,17,54252198,3,5,23,2026-06-21T11:35:10.003828,14,22
2026-06-21 11:39:07,mediboard,충청북도,0,0,A2300034,의료법인대광의료재단괴산성모병원,2301,D,23,8,9,54252091,0,1,23,2026-06-21T11:35:10.003828,8,10
2026-06-21 11:39:07,mediboard,충청북도,3,3,A2300009,의료법인명지의료재단명지병원,2307,C,23,7,18,54252090,6,6,23,2026-06-21T11:35:10.003828,16,27
2026-06-21 11:39:07,mediboard,충청북도,0,0,A2300007,의료법인인화재단한국병원,2310,C,23,10,14,54252089,6,6,23,2026-06-21T11:35:10.003828,16,20
2026-06-21 11:39:07,mediboard,충청북도,0,0,A2300005,의료법인자산의료재단제천서울병원,2307,C,23,7,15,54251977,5,5,23,2026-06-21T11:35:10.003828,12,20
2026-06-21 11:39:07,mediboard,충청북도,0,0,A2300003,의료법인정산의료재단효성병원,2310,C,23,15,18,54251976,5,5,23,2026-06-21T11:35:10.003828,20,23
2026-06-21 11:39:07,mediboard,충청북도,0,0,A2300030,의료법인조윤의료재단영동병원,2304,D,23,2,10,54252199,0,0,23,2026-06-21T11:35:10.003828,2,10
2026-06-21 11:39:07,mediboard,충청북도,0,0,A2300002,의료법인한마음의료재단하나병원,2313,C,23,15,23,54251929,2,12,23,2026-06-21T11:35:10.003828,17,35
2026-06-21 11:39:07,mediboard,충청북도,0,0,A2300011,의료법인힐링의료재단옥천성모병원,2305,D,23,6,7,54252252,3,3,23,2026-06-21T11:35:10.003828,9,10
2026-06-21 11:39:07,mediboard,충청북도,0,0,A2300008,청주성모병원,2312,C,23,2,15,54251930,6,10,23,2026-06-21T11:35:10.003828,8,25
2026-06-21 11:39:07,mediboard,충청북도,7,8,A2300001,충북대학교병원,2311,A,23,24,32,54251975,5,5,23,2026-06-21T11:35:10.003828,36,45
2026-06-21 11:39:07,mediboard,충청북도,0,0,A2300006,충청북도청주의료원,2311,D,23,10,12,54252033,4,4,23,2026-06-21T11:35:10.003828,14,16
2026-06-21 11:39:07,mediboard,충청북도,0,0,A2300004,충청북도충주의료원,2314,D,23,16,18,54252032,3,3,23,2026-06-21T11:35:10.003828,19,21
2026-06-21 11:39:07,mediboard,충청남도,4,4,A2400002,단국대학교의과대학부속병원,2412,A,24,15,27,54251979,5,5,24,2026-06-21T11:35:10.003828,24,36
2026-06-21 11:39:07,mediboard,충청남도,0,0,A2400008,당진종합병원,2405,C,24,5,17,54251980,3,3,24,2026-06-21T11:35:10.003828,8,20
2026-06-21 11:39:07,mediboard,충청남도,0,4,A2400003,서산중앙병원,2408,C,24,8,17,54251931,3,3,24,2026-06-21T11:35:10.003828,11,24
2026-06-21 11:39:07,mediboard,충청남도,0,0,A2402257,아산충무병원,2410,C,24,10,13,54252300,8,8,24,2026-06-21T11:35:10.003828,18,21
2026-06-21 11:39:07,mediboard,충청남도,0,0,A2400044,의료법인 서해병원,2409,D,24,5,5,54251981,2,2,24,2026-06-21T11:35:10.003828,7,7
2026-06-21 11:39:07,mediboard,충청남도,0,0,A2400009,의료법인백제병원,2404,C,24,17,20,54251933,3,3,24,2026-06-21T11:35:10.003828,20,23
2026-06-21 11:39:07,mediboard,충청남도,0,0,A2400012,의료법인영서의료재단천안충무병원,2413,C,24,9,16,54252092,5,5,24,2026-06-21T11:35:10.003828,14,21
2026-06-21 11:39:07,mediboard,충청남도,0,0,A2400004,의료법인예당의료재단예산종합병원,2411,D,24,0,6,54252253,1,1,24,2026-06-21T11:35:10.003828,1,7
2026-06-21 11:39:07,mediboard,충청남도,0,0,A2400011,재단법인아산사회복지재단보령아산병원,2406,C,24,11,17,54252034,3,3,24,2026-06-21T11:35:10.003828,14,20
2026-06-21 11:39:07,mediboard,충청남도,0,0,E2400032,청양군보건의료원,2414,D,24,3,6,54252109,1,1,24,2026-06-21T11:35:10.003828,4,7
2026-06-21 11:39:07,mediboard,충청남도,0,0,A2400010,충청남도공주의료원,2402,D,24,10,15,54251934,1,1,24,2026-06-21T11:35:10.003828,11,16
2026-06-21 11:39:07,mediboard,충청남도,0,0,A2400006,충청남도서산의료원,2408,C,24,0,17,54251932,3,3,24,2026-06-21T11:35:10.003828,3,20
2026-06-21 11:39:07,mediboard,충청남도,0,0,A2400005,충청남도천안의료원,2412,D,24,10,12,54252200,1,2,24,2026-06-21T11:35:10.003828,11,14
2026-06-21 11:39:07,mediboard,충청남도,1,1,A2400007,충청남도홍성의료원,2416,C,24,13,18,54252254,3,3,24,2026-06-21T11:35:10.003828,17,22
2026-06-21 11:39:07,mediboard,충청남도,0,0,E2400033,태안군보건의료원,2415,D,24,5,10,54251945,1,1,24,2026-06-21T11:35:10.003828,6,11
2026-06-21 11:39:07,mediboard,충청남도,0,0,A2400038,학교법인건양교육재단건양대학교부여병원,2407,D,24,3,9,54252093,1,1,24,2026-06-21T11:35:10.003828,4,10
2026-06-21 11:39:07,mediboard,충청남도,12,18,A2400001,학교법인동은학원순천향대학교부속천안병원,2412,A,24,11,22,54251978,11,11,24,2026-06-21T11:35:10.003828,30,47
2026-06-21 11:39:07,mediboard,충청남도,0,0,A2400039,현대병원,2410,D,24,6,10,54252201,1,1,24,2026-06-21T11:35:10.003828,7,11
2026-06-21 11:39:07,mediboard,전북특별자치도,0,0,A2500038,김제우석병원,2503,D,25,8,10,54251935,1,1,25,2026-06-21T11:35:10.003828,9,11
2026-06-21 11:39:07,mediboard,전북특별자치도,0,0,A2500056,대자인병원,2512,C,25,18,33,54252095,3,3,25,2026-06-21T11:35:10.003828,21,36
2026-06-21 11:39:07,mediboard,전북특별자치도,0,0,E2500019,무주군보건의료원,2505,D,25,4,4,54252269,1,1,25,2026-06-21T11:35:10.003828,5,5
2026-06-21 11:39:07,mediboard,전북특별자치도,0,0,A2500010,부안성모병원,2506,D,25,10,10,54252203,2,2,25,2026-06-21T11:35:10.003828,12,12
2026-06-21 11:39:07,mediboard,전북특별자치도,3,3,A2502742,새강병원,2513,D,25,11,14,54252303,3,3,25,2026-06-21T11:35:10.003828,17,20
2026-06-21 11:39:07,mediboard,전북특별자치도,0,0,E2500021,순창군보건의료원,2507,D,25,9,9,54251999,1,1,25,2026-06-21T11:35:10.003828,10,10
2026-06-21 11:39:07,mediboard,전북특별자치도,3,3,A2500001,원광대학교병원,2509,A,25,4,28,54252301,5,5,25,2026-06-21T11:35:10.003828,12,36
2026-06-21 11:39:07,mediboard,전북특별자치도,0,0,A2500011,의료법인대산의료재단익산병원,2509,C,25,10,17,54252094,3,3,25,2026-06-21T11:35:10.003828,13,20
2026-06-21 11:39:07,mediboard,전북특별자치도,0,0,A2500009,의료법인석천재단고창병원,2501,D,25,5,10,54252255,1,1,25,2026-06-21T11:35:10.003828,6,11
2026-06-21 11:39:07,mediboard,전북특별자치도,0,0,A2500005,의료법인영경의료재단전주병원,2513,C,25,3,17,54252145,3,3,25,2026-06-21T11:35:10.003828,6,20
2026-06-21 11:39:07,mediboard,전북특별자치도,0,0,A2501890,의료법인영경의료재단호성전주병원,2512,D,25,2,9,54252035,1,1,25,2026-06-21T11:35:10.003828,3,10
2026-06-21 11:39:07,mediboard,전북특별자치도,0,0,A2500012,의료법인오성의료재단동군산병원,2502,C,25,11,17,54252302,5,6,25,2026-06-21T11:35:10.003828,16,23
2026-06-21 11:39:07,mediboard,전북특별자치도,0,0,E2500022,임실군보건의료원,2510,D,25,4,4,54252270,1,1,25,2026-06-21T11:35:10.003828,5,5
2026-06-21 11:39:07,mediboard,전북특별자치도,0,0,E2500020,장수군보건의료원,2511,D,25,5,5,54252110,1,1,25,2026-06-21T11:35:10.003828,6,6
2026-06-21 11:39:07,mediboard,전북특별자치도,0,0,A2500008,재단법인 아산사회복지재단 정읍아산병원,2514,C,25,15,17,54251983,3,3,25,2026-06-21T11:35:10.003828,18,20
2026-06-21 11:39:07,mediboard,전북특별자치도,9,12,A2500006,재단법인예수병원유지재단예수병원,2513,C,25,24,38,54251982,5,5,25,2026-06-21T11:35:10.003828,36,53
2026-06-21 11:39:07,mediboard,전북특별자치도,2,5,A2500002,전북대학교병원,2512,A,25,21,36,54252202,7,7,25,2026-06-21T11:35:10.003828,30,48
2026-06-21 11:39:07,mediboard,전북특별자치도,0,0,A2500007,전북특별자치도군산의료원,2502,C,25,9,17,54252146,3,3,25,2026-06-21T11:35:10.003828,12,20
2026-06-21 11:39:07,mediboard,전북특별자치도,0,0,A2500004,전북특별자치도남원의료원,2504,C,25,14,17,54252144,3,3,25,2026-06-21T11:35:10.003828,17,20
2026-06-21 11:39:07,mediboard,전북특별자치도,0,0,A2502031,진안군의료원,2515,D,25,4,6,54252204,2,2,25,2026-06-21T11:35:10.003828,6,8
2026-06-21 11:39:07,mediboard,전라남도,0,0,A2600029,곡성사랑병원,2603,D,26,5,5,54252206,1,1,26,2026-06-21T11:35:10.003828,6,6
2026-06-21 11:39:07,mediboard,전라남도,0,0,A2600006,광양사랑병원,2604,D,26,3,9,54251937,1,1,26,2026-06-21T11:35:10.003828,4,10
2026-06-21 11:39:07,mediboard,전라남도,0,0,A2600061,구례병원,2605,D,26,10,10,54252258,0,0,26,2026-06-21T11:35:10.003828,10,10
2026-06-21 11:39:07,mediboard,전라남도,0,0,A2600016,나주종합병원,2606,D,26,7,10,54252148,0,0,26,2026-06-21T11:35:10.003828,7,10
2026-06-21 11:39:07,mediboard,전라남도,0,0,A2600054,담양사랑병원,2607,D,26,4,6,54252152,2,2,26,2026-06-21T11:35:10.003828,6,8
2026-06-21 11:39:07,mediboard,전라남도,0,0,A2600003,대송의료재단무안병원,2609,D,26,3,4,54252256,1,1,26,2026-06-21T11:35:10.003828,4,5
2026-06-21 11:39:07,mediboard,전라남도,0,0,A2600020,목포기독병원,2608,D,26,5,17,54251985,3,3,26,2026-06-21T11:35:10.003828,8,20
2026-06-21 11:39:07,mediboard,전라남도,0,0,A2600022,목포시의료원,2608,D,26,8,9,54252307,1,1,26,2026-06-21T11:35:10.003828,9,10
2026-06-21 11:39:07,mediboard,전라남도,3,3,A2600011,목포한국병원,2608,A,26,12,18,54252096,5,5,26,2026-06-21T11:35:10.003828,20,26
2026-06-21 11:39:07,mediboard,전라남도,0,0,A2600052,보성아산병원,2610,D,26,8,8,54252311,1,1,26,2026-06-21T11:35:10.003828,9,9
2026-06-21 11:39:07,mediboard,전라남도,0,0,A2602211,빛가람종합병원,2606,D,26,0,9,54252039,1,1,26,2026-06-21T11:35:10.003828,1,10
2026-06-21 11:39:07,mediboard,전라남도,4,4,A2600019,성가롤로병원,2611,A,26,-1,18,54252149,5,5,26,2026-06-21T11:35:10.003828,8,27
2026-06-21 11:39:07,mediboard,전라남도,0,0,A2600008,순천제일병원,2611,D,26,6,9,54252205,1,1,26,2026-06-21T11:35:10.003828,7,10
2026-06-21 11:39:07,mediboard,전라남도,0,0,A2600004,순천중앙병원,2611,D,26,4,5,54252147,1,1,26,2026-06-21T11:35:10.003828,5,6
2026-06-21 11:39:07,mediboard,전라남도,0,0,A2600010,여수전남병원,2613,D,26,7,10,54252305,1,1,26,2026-06-21T11:35:10.003828,8,11
2026-06-21 11:39:07,mediboard,전라남도,0,0,A2600014,여천전남병원,2613,C,26,16,17,54251984,3,3,26,2026-06-21T11:35:10.003828,19,20
2026-06-21 11:39:07,mediboard,전라남도,0,0,A2600015,영광종합병원,2614,D,26,9,10,54252257,3,3,26,2026-06-21T11:35:10.003828,12,13
2026-06-21 11:39:07,mediboard,전라남도,0,0,A2600070,영암한국병원,2615,D,26,6,8,54252259,0,1,26,2026-06-21T11:35:10.003828,6,9
2026-06-21 11:39:07,mediboard,전라남도,0,0,A2600032,완도대성병원,2616,D,26,3,5,54252098,1,1,26,2026-06-21T11:35:10.003828,4,6
2026-06-21 11:39:07,mediboard,전라남도,0,0,A2600034,의료법인 거명의료재단 영광기독병원,2614,D,26,8,10,54252151,1,1,26,2026-06-21T11:35:10.003828,9,11
2026-06-21 11:39:07,mediboard,전라남도,0,0,A2600017,의료법인목포구암의료재단목포중앙병원,2608,C,26,11,16,54252037,4,4,26,2026-06-21T11:35:10.003828,15,20
2026-06-21 11:39:07,mediboard,전라남도,0,0,A2600066,의료법인삼호의료재단벌교삼호병원,2610,D,26,6,6,54251987,1,1,26,2026-06-21T11:35:10.003828,7,7
2026-06-21 11:39:07,mediboard,전라남도,0,0,A2600051,의료법인신안대우병원,2612,D,26,4,4,54252310,1,1,26,2026-06-21T11:35:10.003828,5,5
2026-06-21 11:39:07,mediboard,전라남도,0,0,A2600018,의료법인영성의료재단고흥종합병원,2602,D,26,10,10,54252097,0,0,26,2026-06-21T11:35:10.003828,10,10
2026-06-21 11:39:07,mediboard,전라남도,0,0,A2600021,의료법인우범의료재단장흥종합병원,2618,D,26,6,9,54252306,1,1,26,2026-06-21T11:35:10.003828,7,10
2026-06-21 11:39:07,mediboard,전라남도,0,0,A2600068,의료법인장호의료재단녹동현대병원,2602,D,26,1,3,54252153,2,2,26,2026-06-21T11:35:10.003828,3,5
2026-06-21 11:39:07,mediboard,전라남도,0,0,A2600005,의료법인한국의료재단한국병원,2611,D,26,10,11,54251936,1,1,26,2026-06-21T11:35:10.003828,11,12
2026-06-21 11:39:07,mediboard,전라남도,0,0,A2600027,의료법인한마음의료재단여수제일병원,2613,D,26,5,9,54252150,1,1,26,2026-06-21T11:35:10.003828,6,10
2026-06-21 11:39:07,mediboard,전라남도,0,0,A2600007,의료법인해민의료재단 세안종합병원,2608,D,26,7,7,54251938,2,2,26,2026-06-21T11:35:10.003828,9,9
2026-06-21 11:39:07,mediboard,전라남도,0,0,A2600035,의료법인행복나눔의료재단장성병원,2617,D,26,-3,4,54252038,1,1,26,2026-06-21T11:35:10.003828,-2,5
2026-06-21 11:39:07,mediboard,전라남도,0,0,A2600009,의료법인행촌의료재단해남종합병원,2621,D,26,9,10,54252304,1,1,26,2026-06-21T11:35:10.003828,10,11
2026-06-21 11:39:07,mediboard,전라남도,0,0,A2600024,의료법인현경의료재단광양서울병원,2604,D,26,5,9,54252308,1,1,26,2026-06-21T11:35:10.003828,6,10
2026-06-21 11:39:07,mediboard,전라남도,0,0,A2600037,장흥우리병원,2618,D,26,4,4,54251986,1,1,26,2026-06-21T11:35:10.003828,5,5
2026-06-21 11:39:07,mediboard,전라남도,0,0,A2600050,전라남도강진의료원,2601,D,26,8,9,54252207,1,1,26,2026-06-21T11:35:10.003828,9,10
2026-06-21 11:39:07,mediboard,전라남도,0,0,A2600056,전라남도순천의료원,2611,D,26,5,6,54252312,2,2,26,2026-06-21T11:35:10.003828,7,8
2026-06-21 11:39:07,mediboard,전라남도,0,0,A2600040,진도한국병원,2619,D,26,4,4,54252309,1,1,26,2026-06-21T11:35:10.003828,5,5
2026-06-21 11:39:07,mediboard,전라남도,0,0,A2600077,해남우리종합병원,2621,D,26,13,15,54251988,4,4,26,2026-06-21T11:35:10.003828,17,19
2026-06-21 11:39:07,mediboard,전라남도,1,1,A2600001,화순전남대학교병원,2622,C,26,9,16,54252036,7,7,26,2026-06-21T11:35:10.003828,17,24
2026-06-21 11:39:07,mediboard,경상북도,0,0,A2700018,경상북도김천의료원,2706,D,27,12,17,54252159,1,1,27,2026-06-21T11:35:10.003828,13,18
2026-06-21 11:39:07,mediboard,경상북도,0,0,A2700001,경상북도안동의료원,2711,D,27,6,6,54251939,2,2,27,2026-06-21T11:35:10.003828,8,8
2026-06-21 11:39:07,mediboard,경상북도,0,0,A2700005,경상북도포항의료원,2724,D,27,7,8,54252154,2,2,27,2026-06-21T11:35:10.003828,9,10
2026-06-21 11:39:07,mediboard,경상북도,0,0,A2700097,계명대학교경주동산병원,2702,D,27,7,9,54252208,1,1,27,2026-06-21T11:35:10.003828,8,10
2026-06-21 11:39:07,mediboard,경상북도,0,0,A2700015,구미강동병원,2704,D,27,5,7,54252158,3,3,27,2026-06-21T11:35:10.003828,8,10
2026-06-21 11:39:07,mediboard,경상북도,1,3,A2700003,동국대학교의과대학경주병원,2702,C,27,9,16,54252260,7,7,27,2026-06-21T11:35:10.003828,17,26
2026-06-21 11:39:07,mediboard,경상북도,0,0,A2700011,상주적십자병원,2709,D,27,9,9,54252313,1,1,27,2026-06-21T11:35:10.003828,10,10
2026-06-21 11:39:07,mediboard,경상북도,3,4,A2700013,순천향대학교부속구미병원,2704,C,27,2,13,54252042,3,3,27,2026-06-21T11:35:10.003828,8,20
2026-06-21 11:39:07,mediboard,경상북도,0,0,A2700004,안동성소병원,2711,C,27,10,12,54251940,7,8,27,2026-06-21T11:35:10.003828,17,20
2026-06-21 11:39:07,mediboard,경상북도,0,0,A2700008,에스포항병원,2723,D,27,5,6,54252156,1,1,27,2026-06-21T11:35:10.003828,6,7
2026-06-21 11:39:07,mediboard,경상북도,0,0,A2700017,영남대학교의과대학부속영천병원,2715,D,27,8,10,54252100,2,3,27,2026-06-21T11:35:10.003828,10,13
2026-06-21 11:39:07,mediboard,경상북도,0,0,A2700031,영주기독병원,2714,D,27,1,4,54251990,1,1,27,2026-06-21T11:35:10.003828,2,5
2026-06-21 11:39:07,mediboard,경상북도,0,0,A2700020,영주자인병원,2714,D,27,0,4,54252101,1,1,27,2026-06-21T11:35:10.003828,1,5
2026-06-21 11:39:07,mediboard,경상북도,0,0,A2702752,영주적십자병원,2714,D,27,6,10,54252044,1,1,27,2026-06-21T11:35:10.003828,7,11
2026-06-21 11:39:07,mediboard,경상북도,0,0,E2700553,울릉군보건의료원,2717,D,27,4,5,54251946,0,0,27,2026-06-21T11:35:10.003828,4,5
2026-06-21 11:39:07,mediboard,경상북도,0,0,A2700052,울진군의료원,2718,D,27,8,8,54251992,2,2,27,2026-06-21T11:35:10.003828,10,10
2026-06-21 11:39:07,mediboard,경상북도,0,0,A2700019,의)근원의료재단경산중앙병원,2701,D,27,3,10,54251989,2,2,27,2026-06-21T11:35:10.003828,5,12
2026-06-21 11:39:07,mediboard,경상북도,0,0,A2700038,의료법인대남의료재단청도대남병원,2720,D,27,10,10,54252314,0,0,27,2026-06-21T11:35:10.003828,10,10
2026-06-21 11:39:07,mediboard,경상북도,0,0,A2700012,의료법인덕산의료재단김천제일병원,2706,C,27,9,16,54252157,4,4,27,2026-06-21T11:35:10.003828,13,20
2026-06-21 11:39:07,mediboard,경상북도,0,0,A2700006,의료법인동춘의료재단문경제일병원,2707,C,27,15,17,54252155,1,3,27,2026-06-21T11:35:10.003828,16,20
2026-06-21 11:39:07,mediboard,경상북도,0,0,A2700009,의료법인삼백의료재단상주성모병원,2709,D,27,4,9,54252261,1,1,27,2026-06-21T11:35:10.003828,5,10
2026-06-21 11:39:07,mediboard,경상북도,0,0,A2700036,의료법인서명의료재단세명종합병원,2701,D,27,9,13,54251991,2,2,27,2026-06-21T11:35:10.003828,11,15
2026-06-21 11:39:07,mediboard,경상북도,0,0,A2700023,의료법인서준의료재단예천권병원,2716,D,27,4,6,54252043,1,1,27,2026-06-21T11:35:10.003828,5,7
2026-06-21 11:39:07,mediboard,경상북도,1,3,A2700014,의료법인안동병원,2711,A,27,7,17,54251941,4,5,27,2026-06-21T11:35:10.003828,12,25
2026-06-21 11:39:07,mediboard,경상북도,0,0,A2700070,의료법인영암의료재단고령영생병원,2703,D,27,2,5,54252103,1,1,27,2026-06-21T11:35:10.003828,3,6
2026-06-21 11:39:07,mediboard,경상북도,0,0,A2700063,의료법인영제의료재단영남제일병원,2719,D,27,4,5,54252102,1,1,27,2026-06-21T11:35:10.003828,5,6
2026-06-21 11:39:07,mediboard,경상북도,0,0,A2702563,의료법인은성의료재단좋은선린병원,2724,D,27,8,10,54252104,2,2,27,2026-06-21T11:35:10.003828,10,12
2026-06-21 11:39:07,mediboard,경상북도,4,5,A2700007,차의과학대학교부속구미차병원,2704,A,27,2,20,54252041,6,12,27,2026-06-21T11:35:10.003828,12,37
2026-06-21 11:39:07,mediboard,경상북도,0,0,E2700554,청송군보건의료원,2721,D,27,5,5,54252168,1,1,27,2026-06-21T11:35:10.003828,6,6
2026-06-21 11:39:07,mediboard,경상북도,11,11,A2700016,포항성모병원,2723,A,27,10,20,54252099,5,15,27,2026-06-21T11:35:10.003828,26,46
2026-06-21 11:39:07,mediboard,경상북도,0,0,A2700002,포항세명기독병원,2723,C,27,9,15,54252040,10,10,27,2026-06-21T11:35:10.003828,19,25
2026-06-21 11:39:07,mediboard,경상남도,0,0,A2800032,강병원,2803,D,28,6,9,54252211,1,1,28,2026-06-21T11:35:10.003828,7,10
2026-06-21 11:39:07,mediboard,경상남도,0,0,A2803677,강일병원,2804,D,28,7,8,54252049,3,3,28,2026-06-21T11:35:10.003828,10,11
2026-06-21 11:39:07,mediboard,경상남도,0,0,A2800076,거창적십자병원,2802,D,28,1,9,54252214,1,1,28,2026-06-21T11:35:10.003828,2,10
2026-06-21 11:39:07,mediboard,경상남도,3,3,A2800001,경상국립대학교병원,2811,A,28,15,30,54252262,5,5,28,2026-06-21T11:35:10.003828,23,38
2026-06-21 11:39:07,mediboard,경상남도,0,0,A2800025,경상남도마산의료원,2813,D,28,12,13,54252047,2,2,28,2026-06-21T11:35:10.003828,14,15
2026-06-21 11:39:07,mediboard,경상남도,0,0,A2800113,밀양병원,2806,D,28,4,8,54252267,1,1,28,2026-06-21T11:35:10.003828,5,9
2026-06-21 11:39:07,mediboard,경상남도,0,0,A2800084,반도병원,2811,D,28,5,7,54252165,1,1,28,2026-06-21T11:35:10.003828,6,8
2026-06-21 11:39:07,mediboard,경상남도,0,0,A2800019,베데스다복음병원,2809,D,28,5,9,54252264,1,1,28,2026-06-21T11:35:10.003828,6,10
2026-06-21 11:39:07,mediboard,경상남도,0,0,E2800380,산청군보건의료원,2808,D,28,3,5,54252053,1,1,28,2026-06-21T11:35:10.003828,4,6
2026-06-21 11:39:07,mediboard,경상남도,0,0,A2800055,삼성합천병원,2822,D,28,4,4,54252212,1,1,28,2026-06-21T11:35:10.003828,5,5
2026-06-21 11:39:07,mediboard,경상남도,0,0,A2800101,삼천포제일병원,2807,D,28,8,8,54252048,2,2,28,2026-06-21T11:35:10.003828,10,10
2026-06-21 11:39:07,mediboard,경상남도,0,0,A2800092,새통영병원,2818,D,28,6,9,54251995,1,1,28,2026-06-21T11:35:10.003828,7,10
2026-06-21 11:39:07,mediboard,경상남도,4,10,A2800011,양산부산대학교병원,2809,A,28,8,23,54252105,6,8,28,2026-06-21T11:35:10.003828,16,39
2026-06-21 11:39:07,mediboard,경상남도,0,0,A2804593,양산성모병원,2809,D,28,10,13,54252050,1,1,28,2026-06-21T11:35:10.003828,11,14
2026-06-21 11:39:07,mediboard,경상남도,0,0,A2800021,연세에스병원,2817,D,28,9,9,54251994,1,1,28,2026-06-21T11:35:10.003828,10,10
2026-06-21 11:39:07,mediboard,경상남도,0,0,A2800090,의령병원,2810,D,28,2,4,54252107,1,1,28,2026-06-21T11:35:10.003828,3,5
2026-06-21 11:39:07,mediboard,경상남도,0,0,A2800008,의료법인 거붕 백병원,2801,D,28,5,9,54252161,1,1,28,2026-06-21T11:35:10.003828,6,10
2026-06-21 11:39:07,mediboard,경상남도,0,0,A2800005,의료법인 대우의료재단대우병원,2801,D,28,3,9,54251942,0,1,28,2026-06-21T11:35:10.003828,3,10
2026-06-21 11:39:07,mediboard,경상남도,0,0,A2800015,의료법인 문병욱의료재단 진주고려병원,2811,D,28,5,10,54252263,1,1,28,2026-06-21T11:35:10.003828,6,11
2026-06-21 11:39:07,mediboard,경상남도,0,0,A2800022,의료법인 성념의료재단맑은샘병원,2801,D,28,6,9,54252315,1,1,28,2026-06-21T11:35:10.003828,7,10
2026-06-21 11:39:07,mediboard,경상남도,0,0,A2800094,의료법인 이도의료재단 남해병원,2805,D,28,6,8,54252108,2,2,28,2026-06-21T11:35:10.003828,8,10
2026-06-21 11:39:07,mediboard,경상남도,0,0,A2800014,의료법인갑을의료재단 갑을장유병원,2804,D,28,2,9,54252163,1,1,28,2026-06-21T11:35:10.003828,3,10
2026-06-21 11:39:07,mediboard,경상남도,0,0,A2800006,의료법인숭인의료재단 김해복음병원,2804,C,28,11,16,54252209,4,4,28,2026-06-21T11:35:10.003828,15,20
2026-06-21 11:39:07,mediboard,경상남도,0,0,A2800068,의료법인승연의료재단 삼천포서울병원,2807,D,28,7,9,54252213,1,1,28,2026-06-21T11:35:10.003828,8,10
2026-06-21 11:39:07,mediboard,경상남도,0,0,A2800009,의료법인청아의료재단청아병원,2814,D,28,3,9,54252162,1,1,28,2026-06-21T11:35:10.003828,4,10
2026-06-21 11:39:07,mediboard,경상남도,0,0,A2800017,의료법인합포의료재단에스엠지연세병원,2813,C,28,15,17,54252106,3,3,28,2026-06-21T11:35:10.003828,18,20
2026-06-21 11:39:07,mediboard,경상남도,0,0,A2800010,의료법인환명의료재단 조은금강병원,2804,C,28,10,17,54252046,3,3,28,2026-06-21T11:35:10.003828,13,20
2026-06-21 11:39:07,mediboard,경상남도,0,0,A2800003,제일병원,2811,C,28,14,17,54252045,3,3,28,2026-06-21T11:35:10.003828,17,20
2026-06-21 11:39:07,mediboard,경상남도,0,0,A2800037,진주복음병원,2811,D,28,6,9,54251943,1,1,28,2026-06-21T11:35:10.003828,7,10
2026-06-21 11:39:07,mediboard,경상남도,0,0,A2803505,창원경상국립대학교병원,2815,C,28,17,18,54251996,3,10,28,2026-06-21T11:35:10.003828,20,28
2026-06-21 11:39:07,mediboard,경상남도,0,0,A2800004,창원파티마병원,2816,C,28,6,17,54252160,3,3,28,2026-06-21T11:35:10.003828,9,20
2026-06-21 11:39:07,mediboard,경상남도,0,0,A2800007,창원한마음병원,2816,C,28,7,21,54252210,4,4,28,2026-06-21T11:35:10.003828,11,25
2026-06-21 11:39:07,mediboard,경상남도,0,0,A2800062,태황의료재단한성병원,2812,D,28,7,9,54252266,1,1,28,2026-06-21T11:35:10.003828,8,10
2026-06-21 11:39:07,mediboard,경상남도,3,3,A2800020,학교법인성균관대학삼성창원병원,2814,A,28,8,18,54251993,4,5,28,2026-06-21T11:35:10.003828,15,26
2026-06-21 11:39:07,mediboard,경상남도,0,0,A2800043,한일병원,2811,C,28,10,17,54252265,3,3,28,2026-06-21T11:35:10.003828,13,20
2026-06-21 11:39:07,mediboard,경상남도,0,0,A2800080,함양성심병원,2821,D,28,3,4,54252164,1,1,28,2026-06-21T11:35:10.003828,4,5
2026-06-21 11:39:07,mediboard,제주특별자치도,0,0,A2900003,의료법인 혜인의료재단 한국병원,2902,D,29,5,9,54252215,1,1,29,2026-06-21T11:35:10.003828,6,10
2026-06-21 11:39:07,mediboard,제주특별자치도,1,1,A2900006,의료법인중앙의료재단중앙병원,2902,C,29,7,16,54252051,3,3,29,2026-06-21T11:35:10.003828,11,20
2026-06-21 11:39:07,mediboard,제주특별자치도,0,0,A2900007,제주대학교병원,2902,C,29,3,20,54252166,4,6,29,2026-06-21T11:35:10.003828,7,26
2026-06-21 11:39:07,mediboard,제주특별자치도,4,4,A2900002,제주특별자치도서귀포의료원,2901,C,29,9,16,54251997,5,5,29,2026-06-21T11:35:10.003828,18,25
2026-06-21 11:39:07,mediboard,제주특별자치도,3,3,A2900001,제주한라병원,2902,A,29,7,17,54252316,5,5,29,2026-06-21T11:35:10.003828,15,25
2026-06-21 11:39:07,mediboard,제주특별자치도,0,0,A2900005,한마음병원,2902,C,29,9,17,54252268,2,3,29,2026-06-21T11:35:10.003828,11,20
2026-06-21 16:24:55,mediboard,서울특별시,0,0,A1100011,가톨릭대학교여의도성모병원,1120,C,11,13,15,54276300,4,5,11,2026-06-21T16:25:10.219463,17,20
2026-06-21 16:24:55,mediboard,서울특별시,8,8,A1121013,가톨릭대학교은평성모병원,1122,C,11,6,24,54276521,4,4,11,2026-06-21T16:25:10.219463,18,36
2026-06-21 16:24:55,mediboard,서울특별시,3,3,A1100043,강동경희대학교병원,1102,A,11,5,15,54276194,2,5,11,2026-06-21T16:25:10.219463,10,23
2026-06-21 16:24:55,mediboard,서울특별시,1,2,A1100006,강북삼성병원,1123,C,11,-2,15,54276515,3,3,11,2026-06-21T16:25:10.219463,2,20
2026-06-21 16:24:55,mediboard,서울특별시,3,4,A1100002,건국대학교병원,1106,C,11,8,20,54276413,2,3,11,2026-06-21T16:25:10.219463,13,27
2026-06-21 16:24:55,mediboard,서울특별시,0,0,A1100039,경찰병원,1118,D,11,3,3,54276418,2,2,11,2026-06-21T16:25:10.219463,5,5
2026-06-21 16:24:55,mediboard,서울특별시,3,3,A1100001,경희대학교병원,1111,C,11,11,15,54276355,5,5,11,2026-06-21T16:25:10.219463,19,23
2026-06-21 16:24:55,mediboard,서울특별시,1,3,A1100014,고려대학교의과대학부속구로병원,1107,A,11,14,29,54276301,4,5,11,2026-06-21T16:25:10.219463,19,37
2026-06-21 16:24:55,mediboard,서울특별시,0,0,A1100026,구로성심병원,1107,D,11,0,9,54276518,1,1,11,2026-06-21T16:25:10.219463,1,10
2026-06-21 16:24:55,mediboard,서울특별시,3,3,A1100052,국립중앙의료원,1124,C,11,12,17,54276465,9,10,11,2026-06-21T16:25:10.219463,24,30
2026-06-21 16:24:55,mediboard,서울특별시,0,0,A1122033,기쁨병원,1115,D,11,2,4,54276148,1,1,11,2026-06-21T16:25:10.219463,3,5
2026-06-21 16:24:55,mediboard,서울특별시,0,0,A1100048,노원을지대학교병원,1109,C,11,7,17,54276146,5,5,11,2026-06-21T16:25:10.219463,12,22
2026-06-21 16:24:55,mediboard,서울특별시,0,0,A1100044,녹색병원,1125,D,11,-1,5,54276464,5,5,11,2026-06-21T16:25:10.219463,4,10
2026-06-21 16:24:55,mediboard,서울특별시,0,0,A1100037,대림성모병원,1120,D,11,6,8,54276304,1,2,11,2026-06-21T16:25:10.219463,7,10
2026-06-21 16:24:55,mediboard,서울특별시,0,0,A1100024,명지성모병원,1120,D,11,5,8,54276144,1,2,11,2026-06-21T16:25:10.219463,6,10
2026-06-21 16:24:55,mediboard,서울특별시,0,0,A1100036,부민병원,1104,D,11,9,10,54276519,1,1,11,2026-06-21T16:25:10.219463,10,11
2026-06-21 16:24:55,mediboard,서울특별시,4,4,A1100010,삼성서울병원,1101,C,11,-9,52,54276414,4,4,11,2026-06-21T16:25:10.219463,-1,60
2026-06-21 16:24:55,mediboard,서울특별시,0,0,A1100021,삼육서울병원,1111,C,11,5,13,54276415,5,7,11,2026-06-21T16:25:10.219463,10,20
2026-06-21 16:24:55,mediboard,서울특별시,4,12,A1100017,서울대학교병원,1123,A,11,0,24,54276143,8,8,11,2026-06-21T16:25:10.219463,10,42
2026-06-21 16:24:55,mediboard,서울특별시,0,0,A1100050,서울성심병원,1111,D,11,12,17,54276419,3,3,11,2026-06-21T16:25:10.219463,15,20
2026-06-21 16:24:55,mediboard,서울특별시,0,0,A1100029,서울적십자병원,1123,D,11,8,10,54276245,1,1,11,2026-06-21T16:25:10.219463,9,11
2026-06-21 16:24:55,mediboard,서울특별시,0,0,A1100022,서울특별시동부병원,1111,D,11,7,8,54276191,2,2,11,2026-06-21T16:25:10.219463,9,10
2026-06-21 16:24:55,mediboard,서울특별시,2,3,A1100040,서울특별시보라매병원,1112,C,11,16,31,54276246,2,3,11,2026-06-21T16:25:10.219463,20,37
2026-06-21 16:24:55,mediboard,서울특별시,0,0,A1100223,서울특별시서남병원,1119,D,11,5,6,54276195,1,2,11,2026-06-21T16:25:10.219463,6,8
2026-06-21 16:24:55,mediboard,서울특별시,2,3,A1100035,서울특별시서울의료원,1125,A,11,1,19,54276417,5,5,11,2026-06-21T16:25:10.219463,8,27
2026-06-21 16:24:55,mediboard,서울특별시,0,0,A1100028,성심의료재단강동성심병원,1102,C,11,9,15,54276416,9,9,11,2026-06-21T16:25:10.219463,18,24
2026-06-21 16:24:55,mediboard,서울특별시,0,0,A1100054,성애의료재단성애병원,1120,C,11,10,15,54276466,5,11,11,2026-06-21T16:25:10.219463,15,26
2026-06-21 16:24:55,mediboard,서울특별시,0,0,A1100032,세란병원,1123,D,11,8,10,54276303,1,1,11,2026-06-21T16:25:10.219463,9,11
2026-06-21 16:24:55,mediboard,서울특별시,2,4,A1100004,순천향대학교부속서울병원,1121,C,11,10,20,54276299,3,3,11,2026-06-21T16:25:10.219463,15,27
2026-06-21 16:24:55,mediboard,서울특별시,0,0,A1100045,씨엠병원,1120,D,11,9,10,54276359,0,0,11,2026-06-21T16:25:10.219463,9,10
2026-06-21 16:24:55,mediboard,서울특별시,1,2,A1100015,연세대학교의과대학강남세브란스병원,1101,C,11,6,21,54276517,2,3,11,2026-06-21T16:25:10.219463,9,26
2026-06-21 16:24:55,mediboard,서울특별시,5,10,A1100007,연세대학교의과대학세브란스병원,1114,C,11,21,39,54276461,6,6,11,2026-06-21T16:25:10.219463,30,53
2026-06-21 16:24:55,mediboard,서울특별시,0,0,A1100025,의료법인동신의료재단동신병원,1114,D,11,8,9,54276463,1,1,11,2026-06-21T16:25:10.219463,9,10
2026-06-21 16:24:55,mediboard,서울특별시,0,0,A1100041,의료법인서울효천의료재단에이치플러스양지병원,1105,C,11,10,18,54276193,3,3,11,2026-06-21T16:25:10.219463,13,21
2026-06-21 16:24:55,mediboard,서울특별시,0,0,A1100023,의료법인청구성심병원,1122,D,11,8,10,54276192,0,1,11,2026-06-21T16:25:10.219463,8,11
2026-06-21 16:24:55,mediboard,서울특별시,0,0,A1100075,의료법인풍산의료재단동부제일병원,1125,D,11,4,7,54276147,1,1,11,2026-06-21T16:25:10.219463,5,8
2026-06-21 16:24:55,mediboard,서울특별시,2,2,A1100020,의료법인한전의료재단한일병원,1110,C,11,8,21,54276358,4,4,11,2026-06-21T16:25:10.219463,14,27
2026-06-21 16:24:55,mediboard,서울특별시,8,8,A1100005,이화여자대학교의과대학부속목동병원,1119,A,11,7,19,54276460,6,6,11,2026-06-21T16:25:10.219463,21,33
2026-06-21 16:24:55,mediboard,서울특별시,0,9,A1120796,이화여자대학교의과대학부속서울병원,1104,C,11,-6,14,54276420,6,6,11,2026-06-21T16:25:10.219463,0,29
2026-06-21 16:24:55,mediboard,서울특별시,0,0,A1100016,인제대학교상계백병원,1109,C,11,1,16,54276462,2,7,11,2026-06-21T16:25:10.219463,3,23
2026-06-21 16:24:55,mediboard,서울특별시,12,14,A1100009,재단법인아산사회복지재단서울아산병원,1118,C,11,8,36,54276357,14,26,11,2026-06-21T16:25:10.219463,31,73
2026-06-21 16:24:55,mediboard,서울특별시,3,4,A1100003,중앙대학교병원,1112,C,11,7,18,54276298,0,0,11,2026-06-21T16:25:10.219463,10,22
2026-06-21 16:24:55,mediboard,서울특별시,6,9,A1100012,학교법인가톨릭학원가톨릭대학교서울성모병원,1115,C,11,1,28,54276244,4,8,11,2026-06-21T16:25:10.219463,10,43
2026-06-21 16:24:55,mediboard,서울특별시,4,4,A1100008,학교법인고려중앙학원고려대학교의과대학부속병원(안암병원),1117,A,11,24,30,54276356,8,9,11,2026-06-21T16:25:10.219463,36,43
2026-06-21 16:24:55,mediboard,서울특별시,0,0,A1100053,한국보훈복지의료공단중앙보훈병원,1102,C,11,14,22,54276305,3,3,11,2026-06-21T16:25:10.219463,17,25
2026-06-21 16:24:55,mediboard,서울특별시,0,0,A1100027,한국원자력의학원원자력병원,1109,D,11,7,9,54276145,3,3,11,2026-06-21T16:25:10.219463,10,12
2026-06-21 16:24:55,mediboard,서울특별시,3,3,A1100055,한림대학교강남성심병원,1120,C,11,15,20,54276361,5,5,11,2026-06-21T16:25:10.219463,23,28
2026-06-21 16:24:55,mediboard,서울특별시,1,3,A1100013,한양대학교병원,1116,A,11,10,20,54276516,10,12,11,2026-06-21T16:25:10.219463,21,35
2026-06-21 16:24:55,mediboard,서울특별시,0,0,A1100051,혜민병원,1106,D,11,8,9,54276360,1,1,11,2026-06-21T16:25:10.219463,9,10
2026-06-21 16:24:55,mediboard,서울특별시,0,0,A1100019,홍익병원,1119,D,11,2,9,54276302,1,1,11,2026-06-21T16:25:10.219463,3,10
2026-06-21 16:24:55,mediboard,서울특별시,0,0,A1100049,희명병원,1108,D,11,6,10,54276520,1,1,11,2026-06-21T16:25:10.219463,7,11
2026-06-21 16:24:55,mediboard,부산광역시,0,0,A1200028,(의)서일의료재단기장병원,1203,D,12,8,9,54276422,1,1,12,2026-06-21T16:25:10.219463,9,10
2026-06-21 16:24:55,mediboard,부산광역시,0,0,A1200004,고신대학교복음병원,1211,C,12,21,25,54276196,4,5,12,2026-06-21T16:25:10.219463,25,30
2026-06-21 16:24:55,mediboard,부산광역시,0,0,A1200045,구포성심병원,1208,D,12,6,9,54276251,1,1,12,2026-06-21T16:25:10.219463,7,10
2026-06-21 16:24:55,mediboard,부산광역시,3,3,A1200018,대동병원,1206,C,12,9,15,54276308,2,3,12,2026-06-21T16:25:10.219463,14,21
2026-06-21 16:24:55,mediboard,부산광역시,0,0,A1200015,동남권원자력의학원원자력병원,1203,D,12,6,9,54276365,1,1,12,2026-06-21T16:25:10.219463,7,10
2026-06-21 16:24:55,mediboard,부산광역시,0,0,A1200011,동래봉생병원,1206,D,12,2,8,54276469,2,2,12,2026-06-21T16:25:10.219463,4,10
2026-06-21 16:24:55,mediboard,부산광역시,3,3,A1200003,동아대학교병원,1211,A,12,13,19,54276522,5,5,12,2026-06-21T16:25:10.219463,21,27
2026-06-21 16:24:55,mediboard,부산광역시,0,0,A1200024,부산광역시의료원,1213,D,12,16,18,54276471,2,8,12,2026-06-21T16:25:10.219463,18,26
2026-06-21 16:24:55,mediboard,부산광역시,3,3,A1200002,부산대학교병원,1211,C,12,4,19,54276149,2,3,12,2026-06-21T16:25:10.219463,9,25
2026-06-21 16:24:55,mediboard,부산광역시,4,4,A1200013,부산성모병원(재단법인 천주교부산교구유지재단),1204,D,12,4,10,54276364,5,5,12,2026-06-21T16:25:10.219463,13,19
2026-06-21 16:24:55,mediboard,부산광역시,0,0,A1200007,비에이치에스한서병원,1212,C,12,10,17,54276363,3,3,12,2026-06-21T16:25:10.219463,13,20
2026-06-21 16:24:55,mediboard,부산광역시,0,0,A1200021,삼육부산병원,1211,D,12,1,9,54276249,1,1,12,2026-06-21T16:25:10.219463,2,10
2026-06-21 16:24:55,mediboard,부산광역시,0,0,A1200014,영도병원,1214,D,12,6,7,54276248,2,2,12,2026-06-21T16:25:10.219463,8,9
2026-06-21 16:24:55,mediboard,부산광역시,0,0,A1200009,의료법인 광혜의료재단 광혜병원,1206,D,12,9,9,54276468,3,3,12,2026-06-21T16:25:10.219463,12,12
2026-06-21 16:24:55,mediboard,부산광역시,0,0,A1200098,의료법인 센텀의료재단 센텀종합병원,1212,D,12,5,9,54276366,1,1,12,2026-06-21T16:25:10.219463,6,10
2026-06-21 16:24:55,mediboard,부산광역시,0,0,A1200020,의료법인 온그룹의료재단 온병원,1207,C,12,10,20,54276150,3,3,12,2026-06-21T16:25:10.219463,13,23
2026-06-21 16:24:55,mediboard,부산광역시,0,0,A1200008,의료법인 은성의료재단 좋은강안병원,1212,D,12,5,15,54276306,2,2,12,2026-06-21T16:25:10.219463,7,17
2026-06-21 16:24:55,mediboard,부산광역시,1,1,A1200005,의료법인 은성의료재단 좋은삼선병원,1209,C,12,8,13,54276247,5,6,12,2026-06-21T16:25:10.219463,14,20
2026-06-21 16:24:55,mediboard,부산광역시,0,0,A1200006,의료법인 인당의료재단 부민병원,1208,D,12,9,10,54276467,2,2,12,2026-06-21T16:25:10.219463,11,12
2026-06-21 16:24:55,mediboard,부산광역시,0,0,A1205143,의료법인 인당의료재단 해운대부민병원,1216,D,12,4,9,54276423,1,1,12,2026-06-21T16:25:10.219463,5,10
2026-06-21 16:24:55,mediboard,부산광역시,0,0,A1200012,의료법인 행도의료재단 해동병원,1214,D,12,5,6,54276197,1,1,12,2026-06-21T16:25:10.219463,6,7
2026-06-21 16:24:55,mediboard,부산광역시,0,0,A1200017,의료법인정화의료재단 봉생기념병원,1205,D,12,4,9,54276307,2,2,12,2026-06-21T16:25:10.219463,6,11
2026-06-21 16:24:55,mediboard,부산광역시,2,3,A1200022,인제대학교 해운대백병원,1216,A,12,16,29,54276421,4,5,12,2026-06-21T16:25:10.219463,22,37
2026-06-21 16:24:55,mediboard,부산광역시,0,0,A1200001,인제대학교부산백병원,1207,C,12,15,32,54276362,3,3,12,2026-06-21T16:25:10.219463,18,35
2026-06-21 16:24:55,mediboard,부산광역시,0,0,A1200023,재단법인천주교부산교구유지재단 메리놀병원,1215,D,12,8,9,54276250,1,1,12,2026-06-21T16:25:10.219463,9,10
2026-06-21 16:24:55,mediboard,부산광역시,2,2,A1200026,좋은문화병원,1205,D,12,1,7,54276152,3,3,12,2026-06-21T16:25:10.219463,6,12
2026-06-21 16:24:55,mediboard,부산광역시,0,0,A1200025,학교법인 춘해병원,1207,D,12,7,9,54276151,1,1,12,2026-06-21T16:25:10.219463,8,10
2026-06-21 16:24:55,mediboard,부산광역시,0,0,A1200019,학교법인)동의병원,1207,D,12,13,14,54276198,1,1,12,2026-06-21T16:25:10.219463,14,15
2026-06-21 16:24:55,mediboard,부산광역시,0,0,A1200016,한국보훈복지의료공단 부산보훈병원,1209,D,12,11,11,54276470,2,2,12,2026-06-21T16:25:10.219463,13,13
2026-06-21 16:24:55,mediboard,인천광역시,0,0,A1300081,(재)미리내천주성삼성직수도회천주성삼병원,1307,D,13,3,9,54276368,1,2,13,2026-06-21T16:25:10.219463,4,11
2026-06-21 16:24:55,mediboard,인천광역시,0,0,A1300018,강남종합병원,1304,D,13,14,15,54276476,1,1,13,2026-06-21T16:25:10.219463,15,16
2026-06-21 16:24:55,mediboard,인천광역시,3,4,A1300002,경북대학교병원,1308,A,13,11,27,54276472,5,5,13,2026-06-21T16:25:10.219463,19,36
2026-06-21 16:24:55,mediboard,인천광역시,0,0,A1303386,계명대학교대구동산병원,1308,D,13,8,12,54276200,2,2,13,2026-06-21T16:25:10.219463,10,14
2026-06-21 16:24:55,mediboard,인천광역시,0,0,A1300003,계명대학교동산병원,1302,C,13,9,23,54276153,1,3,13,2026-06-21T16:25:10.219463,10,26
2026-06-21 16:24:55,mediboard,인천광역시,0,0,A1300008,곽병원,1308,D,13,9,10,54276475,2,2,13,2026-06-21T16:25:10.219463,11,12
2026-06-21 16:24:55,mediboard,인천광역시,0,0,A1300038,나사렛종합병원,1302,D,13,4,9,54276523,2,10,13,2026-06-21T16:25:10.219463,6,19
2026-06-21 16:24:55,mediboard,인천광역시,0,0,A1300004,대구가톨릭대학교병원,1301,C,13,12,24,54276253,4,4,13,2026-06-21T16:25:10.219463,16,28
2026-06-21 16:24:55,mediboard,인천광역시,0,0,A1300005,대구가톨릭대학교칠곡가톨릭병원,1305,D,13,8,9,54276473,1,1,13,2026-06-21T16:25:10.219463,9,10
2026-06-21 16:24:55,mediboard,인천광역시,0,0,A1300076,대구굿모닝병원,1306,D,13,15,17,54276477,2,2,13,2026-06-21T16:25:10.219463,17,19
2026-06-21 16:24:55,mediboard,인천광역시,0,0,A1300007,대구의료원,1306,D,13,15,18,54276474,2,2,13,2026-06-21T16:25:10.219463,17,20
2026-06-21 16:24:55,mediboard,인천광역시,2,5,A1300009,대구파티마병원,1304,C,13,5,25,54276254,7,7,13,2026-06-21T16:25:10.219463,14,37
2026-06-21 16:24:55,mediboard,인천광역시,0,0,A1300110,더블유병원,1302,D,13,0,10,54276309,1,1,13,2026-06-21T16:25:10.219463,1,11
2026-06-21 16:24:55,mediboard,인천광역시,0,0,A1300034,드림종합병원,1301,D,13,6,8,54276367,2,2,13,2026-06-21T16:25:10.219463,8,10
2026-06-21 16:24:55,mediboard,인천광역시,0,0,A1300045,삼일병원,1302,D,13,7,14,54276256,1,1,13,2026-06-21T16:25:10.219463,8,15
2026-06-21 16:24:55,mediboard,인천광역시,3,3,A1300001,영남대학교병원,1301,A,13,19,28,54276252,5,5,13,2026-06-21T16:25:10.219463,27,36
2026-06-21 16:24:55,mediboard,인천광역시,0,0,A1300006,의료법인구의료재단구병원,1302,D,13,5,10,54276199,1,1,13,2026-06-21T16:25:10.219463,6,11
2026-06-21 16:24:55,mediboard,인천광역시,2,9,A1300010,칠곡경북대학교병원,1305,C,13,4,23,54276424,6,6,13,2026-06-21T16:25:10.219463,10,36
2026-06-21 16:24:55,mediboard,인천광역시,0,0,A1300011,한국보훈복지의료공단대구보훈병원,1302,D,13,10,12,54276255,2,2,13,2026-06-21T16:25:10.219463,12,14
2026-06-21 16:24:55,mediboard,대구광역시,0,0,A1400008,(의)성세의료재단 뉴성민병원,1407,D,14,9,9,54276202,1,1,14,2026-06-21T16:25:10.219463,10,10
2026-06-21 16:24:55,mediboard,대구광역시,2,3,A1400015,가톨릭관동대학교국제성모병원,1407,C,14,8,23,54276312,5,5,14,2026-06-21T16:25:10.219463,15,31
2026-06-21 16:24:55,mediboard,대구광역시,1,4,A1400012,가톨릭대학교 인천성모병원,1406,C,14,7,19,54276426,6,8,14,2026-06-21T16:25:10.219463,14,31
2026-06-21 16:24:55,mediboard,대구광역시,0,0,A1400010,검단탑병원,1407,C,14,14,18,54276154,3,3,14,2026-06-21T16:25:10.219463,17,21
2026-06-21 16:24:55,mediboard,대구광역시,0,0,A1403617,비에스종합병원,1401,D,14,6,10,54276371,1,1,14,2026-06-21T16:25:10.219463,7,11
2026-06-21 16:24:55,mediboard,대구광역시,0,0,A1400013,안은의료재단 부평세림병원,1406,C,14,15,16,54276311,4,4,14,2026-06-21T16:25:10.219463,19,20
2026-06-21 16:24:55,mediboard,대구광역시,0,0,A1400005,온누리병원,1407,D,14,6,9,54276425,2,2,14,2026-06-21T16:25:10.219463,8,11
2026-06-21 16:24:55,mediboard,대구광역시,9,11,A1400001,의료법인 길의료재단 길병원,1404,A,14,9,25,54276478,5,7,14,2026-06-21T16:25:10.219463,21,41
2026-06-21 16:24:55,mediboard,대구광역시,0,0,A1400011,의료법인 나사렛의료재단 나사렛국제병원,1408,C,14,12,17,54276155,3,5,14,2026-06-21T16:25:10.219463,15,22
2026-06-21 16:24:55,mediboard,대구광역시,0,0,A1400003,의료법인 루가의료재단 나은병원,1407,C,14,4,11,54276201,10,10,14,2026-06-21T16:25:10.219463,14,21
2026-06-21 16:24:55,mediboard,대구광역시,0,0,A1400007,의료법인 성수의료재단 인천백병원,1405,D,14,4,5,54276310,1,1,14,2026-06-21T16:25:10.219463,5,6
2026-06-21 16:24:55,mediboard,대구광역시,0,0,A1400014,의료법인인성의료재단한림병원,1402,C,14,15,17,54276427,3,4,14,2026-06-21T16:25:10.219463,18,21
2026-06-21 16:24:55,mediboard,대구광역시,0,0,A1400017,인천광역시의료원,1405,D,14,15,15,54276204,2,2,14,2026-06-21T16:25:10.219463,17,17
2026-06-21 16:24:55,mediboard,대구광역시,0,0,A1400037,인천광역시의료원백령병원,1409,D,14,5,5,54276314,1,1,14,2026-06-21T16:25:10.219463,6,6
2026-06-21 16:24:55,mediboard,대구광역시,0,0,A1400009,인천기독병원,1410,D,14,8,8,54276203,1,1,14,2026-06-21T16:25:10.219463,9,9
2026-06-21 16:24:55,mediboard,대구광역시,0,0,A1400016,인천사랑병원,1403,C,14,11,14,54276369,7,7,14,2026-06-21T16:25:10.219463,18,21
2026-06-21 16:24:55,mediboard,대구광역시,0,0,A1403372,인천세종병원,1402,C,14,7,18,54276370,3,3,14,2026-06-21T16:25:10.219463,10,21
2026-06-21 16:24:55,mediboard,대구광역시,0,0,A1400018,인천적십자병원,1408,D,14,8,8,54276313,2,2,14,2026-06-21T16:25:10.219463,10,10
2026-06-21 16:24:55,mediboard,대구광역시,0,0,A1403871,인천힘찬종합병원,1404,D,14,12,17,54276428,3,6,14,2026-06-21T16:25:10.219463,15,23
2026-06-21 16:24:55,mediboard,대구광역시,5,9,A1400002,인하대학교의과대학부속병원,1410,A,14,5,20,54276257,8,9,14,2026-06-21T16:25:10.219463,16,36
2026-06-21 16:24:55,mediboard,대구광역시,0,0,A1400004,현대유비스병원,1403,D,14,16,18,54276479,1,1,14,2026-06-21T16:25:10.219463,17,19
2026-06-21 16:24:55,mediboard,광주광역시,6,7,A1500019,KS병원,1501,C,15,9,15,54276429,3,3,15,2026-06-21T16:25:10.219463,18,25
2026-06-21 16:24:55,mediboard,광주광역시,0,0,A1500021,광주기독병원,1502,C,15,5,20,54276430,3,6,15,2026-06-21T16:25:10.219463,8,26
2026-06-21 16:24:55,mediboard,광주광역시,0,0,A1500015,광주병원,1504,D,15,6,10,54276158,1,1,15,2026-06-21T16:25:10.219463,7,11
2026-06-21 16:24:55,mediboard,광주광역시,0,0,A1500004,광주보훈병원,1501,D,15,6,14,54276258,2,2,15,2026-06-21T16:25:10.219463,8,16
2026-06-21 16:24:55,mediboard,광주광역시,0,0,A1502007,광주센트럴병원,1501,D,15,9,10,54276483,1,1,15,2026-06-21T16:25:10.219463,10,11
2026-06-21 16:24:55,mediboard,광주광역시,0,0,A1500018,광주수완병원,1501,D,15,7,9,54276159,0,1,15,2026-06-21T16:25:10.219463,7,10
2026-06-21 16:24:55,mediboard,광주광역시,0,0,A1500009,광주씨티병원,1502,D,15,8,10,54276156,1,1,15,2026-06-21T16:25:10.219463,9,11
2026-06-21 16:24:55,mediboard,광주광역시,0,0,A1500005,광주일곡병원,1504,D,15,9,9,54276524,1,1,15,2026-06-21T16:25:10.219463,10,10
2026-06-21 16:24:55,mediboard,광주광역시,0,0,A1500016,광주한국병원,1505,D,15,10,15,54276374,1,1,15,2026-06-21T16:25:10.219463,11,16
2026-06-21 16:24:55,mediboard,광주광역시,0,0,A1500003,광주현대병원,1504,D,15,2,9,54276372,2,2,15,2026-06-21T16:25:10.219463,4,11
2026-06-21 16:24:55,mediboard,광주광역시,0,0,A1500007,광주희망병원,1504,D,15,7,9,54276205,1,1,15,2026-06-21T16:25:10.219463,8,10
2026-06-21 16:24:55,mediboard,광주광역시,0,0,A1500013,동아병원,1502,D,15,6,9,54276157,1,1,15,2026-06-21T16:25:10.219463,7,10
2026-06-21 16:24:55,mediboard,광주광역시,0,0,A1500014,미래로21병원,1505,D,15,4,9,54276373,1,1,15,2026-06-21T16:25:10.219463,5,10
2026-06-21 16:24:55,mediboard,광주광역시,0,0,A1500022,상무병원,1505,D,15,6,9,54276482,1,1,15,2026-06-21T16:25:10.219463,7,10
2026-06-21 16:24:55,mediboard,광주광역시,2,2,A1500020,서광병원,1505,C,15,13,18,54276527,3,3,15,2026-06-21T16:25:10.219463,18,23
2026-06-21 16:24:55,mediboard,광주광역시,0,0,A1500006,신가병원,1501,D,15,9,9,54276525,2,2,15,2026-06-21T16:25:10.219463,11,11
2026-06-21 16:24:55,mediboard,광주광역시,0,0,A1500010,운암한국병원,1504,D,15,5,9,54276481,1,1,15,2026-06-21T16:25:10.219463,6,10
2026-06-21 16:24:55,mediboard,광주광역시,3,4,A1500002,전남대학교병원,1503,A,15,13,28,54276480,4,7,15,2026-06-21T16:25:10.219463,20,39
2026-06-21 16:24:55,mediboard,광주광역시,4,4,A1500001,조선대학교병원,1503,A,15,12,23,54276315,5,5,15,2026-06-21T16:25:10.219463,21,32
2026-06-21 16:24:55,mediboard,광주광역시,0,0,A1500011,첨단종합병원,1501,C,15,17,22,54276526,3,3,15,2026-06-21T16:25:10.219463,20,25
2026-06-21 16:24:55,mediboard,광주광역시,0,0,A1500017,하남성심병원,1501,D,15,18,19,54276316,1,2,15,2026-06-21T16:25:10.219463,19,21
2026-06-21 16:24:55,mediboard,대전광역시,0,0,A1600004,대전보훈병원,1601,D,16,7,7,54276160,2,2,16,2026-06-21T16:25:10.219463,9,9
2026-06-21 16:24:55,mediboard,대전광역시,0,0,A1600003,대전한국병원,1602,D,16,8,9,54276317,1,1,16,2026-06-21T16:25:10.219463,9,10
2026-06-21 16:24:55,mediboard,대전광역시,0,0,A1602246,대청병원,1603,D,16,8,9,54276431,1,1,16,2026-06-21T16:25:10.219463,9,10
2026-06-21 16:24:55,mediboard,대전광역시,0,0,A1600008,의료법인영훈의료재단대전선병원,1605,C,16,11,17,54276318,4,9,16,2026-06-21T16:25:10.219463,15,26
2026-06-21 16:24:55,mediboard,대전광역시,0,0,A1600007,의료법인영훈의료재단유성선병원,1604,C,16,13,17,54276207,3,7,16,2026-06-21T16:25:10.219463,16,24
2026-06-21 16:24:55,mediboard,대전광역시,4,6,A1600001,충남대학교병원,1605,A,16,4,28,54276259,4,5,16,2026-06-21T16:25:10.219463,12,39
2026-06-21 16:24:55,mediboard,대전광역시,0,0,A1600005,학교법인가톨릭학원가톨릭대학교대전성모병원,1605,C,16,11,19,54276528,3,3,16,2026-06-21T16:25:10.219463,14,22
2026-06-21 16:24:55,mediboard,대전광역시,5,5,A1600006,학교법인건양교육재단건양대학교병원,1603,A,16,13,24,54276206,5,5,16,2026-06-21T16:25:10.219463,23,34
2026-06-21 16:24:55,mediboard,대전광역시,0,0,A1600002,학교법인을지학원대전을지대학교병원,1603,C,16,15,23,54276484,6,6,16,2026-06-21T16:25:10.219463,21,29
2026-06-21 16:24:55,mediboard,울산광역시,0,0,A1700001,서울산보람병원,1704,D,17,8,10,54276208,1,1,17,2026-06-21T16:25:10.219463,9,11
2026-06-21 16:24:55,mediboard,울산광역시,0,0,A1700003,울산병원,1701,C,17,10,19,54276375,3,3,17,2026-06-21T16:25:10.219463,13,22
2026-06-21 16:24:55,mediboard,울산광역시,0,0,A1700002,의료법인동강의료재단동강병원,1705,C,17,20,24,54276432,3,3,17,2026-06-21T16:25:10.219463,23,27
2026-06-21 16:24:55,mediboard,울산광역시,0,0,A1700025,의료법인송은의료재단울산시티병원,1703,C,17,4,17,54276376,3,3,17,2026-06-21T16:25:10.219463,7,20
2026-06-21 16:24:55,mediboard,울산광역시,0,0,A1700011,의료법인은성의료재단좋은삼정병원,1701,D,17,7,9,54276433,1,1,17,2026-06-21T16:25:10.219463,8,10
2026-06-21 16:24:55,mediboard,울산광역시,0,0,A1700028,의료법인정안의료재단중앙병원,1701,C,17,13,17,54276260,3,3,17,2026-06-21T16:25:10.219463,16,20
2026-06-21 16:24:55,mediboard,울산광역시,8,8,A1700004,학교법인울산공업학원울산대학교병원,1702,A,17,2,23,54276319,5,6,17,2026-06-21T16:25:10.219463,15,37
2026-06-21 16:24:55,mediboard,경기도,0,0,A2100019,(의)영문의료재단 다보스병원,2136,C,21,7,13,54276265,7,7,21,2026-06-21T16:25:10.219463,14,20
2026-06-21 16:24:55,mediboard,경기도,0,0,A2100122,(의)효심의료재단용인서울병원,2136,D,21,9,10,54276537,0,0,21,2026-06-21T16:25:10.219463,9,10
2026-06-21 16:24:55,mediboard,경기도,0,0,A2100052,가톨릭대학교부천성모병원,2113,C,21,11,31,54276168,6,6,21,2026-06-21T16:25:10.219463,17,37
2026-06-21 16:24:55,mediboard,경기도,6,8,A2100012,가톨릭대학교성빈센트병원,2122,C,21,0,28,54276320,5,6,21,2026-06-21T16:25:10.219463,9,40
2026-06-21 16:24:55,mediboard,경기도,11,11,A2100040,가톨릭대학교의정부성모병원,2138,A,21,13,44,54276214,6,6,21,2026-06-21T16:25:10.219463,30,61
2026-06-21 16:24:55,mediboard,경기도,0,0,A2100029,강남병원,2134,C,21,10,17,54276436,3,3,21,2026-06-21T16:25:10.219463,13,20
2026-06-21 16:24:55,mediboard,경기도,0,0,A2100193,경기도의료원 이천병원,2139,C,21,8,17,54276438,3,3,21,2026-06-21T16:25:10.219463,11,20
2026-06-21 16:24:55,mediboard,경기도,0,0,A2100032,경기도의료원수원병원,2121,D,21,6,8,54276379,5,5,21,2026-06-21T16:25:10.219463,11,13
2026-06-21 16:24:55,mediboard,경기도,0,0,A2100045,경기도의료원안성병원,2126,D,21,13,14,54276380,1,5,21,2026-06-21T16:25:10.219463,14,19
2026-06-21 16:24:55,mediboard,경기도,0,0,A2100043,경기도의료원의정부병원,2138,D,21,10,10,54276533,1,1,21,2026-06-21T16:25:10.219463,11,11
2026-06-21 16:24:55,mediboard,경기도,0,0,A2100035,경기도의료원파주병원,2140,C,21,16,17,54276166,3,3,21,2026-06-21T16:25:10.219463,19,20
2026-06-21 16:24:55,mediboard,경기도,0,0,A2100031,경기도의료원포천병원,2142,C,21,15,17,54276323,3,3,21,2026-06-21T16:25:10.219463,18,20
2026-06-21 16:24:55,mediboard,경기도,0,4,A2100003,고려대학교의과대학부속안산병원,2124,A,21,0,22,54276211,0,8,21,2026-06-21T16:25:10.219463,0,34
2026-06-21 16:24:55,mediboard,경기도,2,4,A2100007,광명성애병원,2106,C,21,4,11,54276486,5,5,21,2026-06-21T16:25:10.219463,11,20
2026-06-21 16:24:55,mediboard,경기도,0,0,A2100258,국군수도병원,2116,D,21,14,16,54276439,0,2,21,2026-06-21T16:25:10.219463,14,18
2026-06-21 16:24:55,mediboard,경기도,0,0,A2100049,국립암센터,2103,D,21,18,24,54276325,1,1,21,2026-06-21T16:25:10.219463,19,25
2026-06-21 16:24:55,mediboard,경기도,2,5,A2100033,국민건강보험공단일산병원,2103,A,21,16,23,54276531,5,5,21,2026-06-21T16:25:10.219463,23,33
2026-06-21 16:24:55,mediboard,경기도,0,0,A2100014,근로복지공단안산병원,2125,D,21,6,7,54276262,1,1,21,2026-06-21T16:25:10.219463,7,8
2026-06-21 16:24:55,mediboard,경기도,0,0,A2100041,남양주한양병원,2111,C,21,12,17,54276532,3,3,21,2026-06-21T16:25:10.219463,15,20
2026-06-21 16:24:55,mediboard,경기도,0,0,A2100017,대아의료재단한도병원,2124,C,21,13,17,54276264,3,3,21,2026-06-21T16:25:10.219463,16,20
2026-06-21 16:24:55,mediboard,경기도,3,3,A2100025,대진의료재단분당제생병원,2116,C,21,6,24,54276488,3,3,21,2026-06-21T16:25:10.219463,12,30
2026-06-21 16:24:55,mediboard,경기도,3,3,A2100047,동국대학교일산불교병원,2103,C,21,7,19,54276324,7,7,21,2026-06-21T16:25:10.219463,17,29
2026-06-21 16:24:55,mediboard,경기도,0,0,A2100131,메디인병원,2140,D,21,6,12,54276490,2,2,21,2026-06-21T16:25:10.219463,8,14
2026-06-21 16:24:55,mediboard,경기도,0,0,A2121142,메디필드한강병원,2136,D,21,15,17,54276495,3,3,21,2026-06-21T16:25:10.219463,18,20
2026-06-21 16:24:55,mediboard,경기도,0,0,A2100055,부천세종병원,2113,C,21,11,17,54276270,3,3,21,2026-06-21T16:25:10.219463,14,20
2026-06-21 16:24:55,mediboard,경기도,2,5,A2100001,분당서울대학교병원,2116,A,21,-25,30,54276210,4,5,21,2026-06-21T16:25:10.219463,-19,40
2026-06-21 16:24:55,mediboard,경기도,6,6,A2116806,성남시의료원,2117,C,21,12,17,54276494,6,6,21,2026-06-21T16:25:10.219463,24,29
2026-06-21 16:24:55,mediboard,경기도,0,0,A2100011,성남중앙병원,2118,D,21,8,9,54276163,1,1,21,2026-06-21T16:25:10.219463,9,10
2026-06-21 16:24:55,mediboard,경기도,0,0,A2100194,세종여주병원,2131,D,21,5,6,54276169,7,7,21,2026-06-21T16:25:10.219463,12,13
2026-06-21 16:24:55,mediboard,경기도,0,0,A2100016,순천의료재단성남정병원,2117,D,21,7,9,54276212,2,2,21,2026-06-21T16:25:10.219463,9,11
2026-06-21 16:24:55,mediboard,경기도,5,5,A2100005,순천향대학교부속부천병원,2113,A,21,4,17,54276162,4,5,21,2026-06-21T16:25:10.219463,13,27
2026-06-21 16:24:55,mediboard,경기도,7,14,A2100002,아주대학교병원,2120,A,21,13,32,54276261,10,13,21,2026-06-21T16:25:10.219463,26,54
2026-06-21 16:24:55,mediboard,경기도,0,0,A2100305,안성성모병원,2126,D,21,7,9,54276493,1,1,21,2026-06-21T16:25:10.219463,8,10
2026-06-21 16:24:55,mediboard,경기도,0,0,A2100089,양평병원,2130,D,21,1,9,54276382,1,1,21,2026-06-21T16:25:10.219463,2,10
2026-06-21 16:24:55,mediboard,경기도,0,0,A2118188,엘병원,2111,D,21,5,8,54276384,1,2,21,2026-06-21T16:25:10.219463,6,10
2026-06-21 16:24:55,mediboard,경기도,5,6,A2100020,연세대학교의과대학용인세브란스병원,2134,C,21,9,16,54276529,4,4,21,2026-06-21T16:25:10.219463,18,26
2026-06-21 16:24:55,mediboard,경기도,0,0,E2100187,연천군보건의료원,2132,D,21,10,10,54276188,0,0,21,2026-06-21T16:25:10.219463,10,10
2026-06-21 16:24:55,mediboard,경기도,0,0,A2100024,오산한국병원,2133,C,21,12,17,54276530,3,3,21,2026-06-21T16:25:10.219463,15,20
2026-06-21 16:24:55,mediboard,경기도,0,0,A2100048,원광대학교산본병원,2109,C,21,15,17,54276269,3,3,21,2026-06-21T16:25:10.219463,18,20
2026-06-21 16:24:55,mediboard,경기도,5,5,A2100008,의료법인 남촌의료재단 시화병원,2123,C,21,13,16,54276377,3,6,21,2026-06-21T16:25:10.219463,21,27
2026-06-21 16:24:55,mediboard,경기도,0,0,A2100013,의료법인 록향의료재단 신천연합병원,2123,D,21,6,10,54276487,1,1,21,2026-06-21T16:25:10.219463,7,11
2026-06-21 16:24:55,mediboard,경기도,0,0,A2100036,의료법인 일심의료재단 포천우리병원,2142,D,21,18,18,54276268,4,4,21,2026-06-21T16:25:10.219463,22,22
2026-06-21 16:24:55,mediboard,경기도,0,0,A2100309,의료법인갈렌의료재단박병원,2141,D,21,8,10,54276327,1,1,21,2026-06-21T16:25:10.219463,9,11
2026-06-21 16:24:55,mediboard,경기도,0,0,A2100009,의료법인녹산의료재단동수원병원,2122,C,21,15,17,54276378,3,3,21,2026-06-21T16:25:10.219463,18,20
2026-06-21 16:24:55,mediboard,경기도,0,0,A2100050,의료법인대인의료재단다니엘종합병원,2113,D,21,1,6,54276535,4,4,21,2026-06-21T16:25:10.219463,5,10
2026-06-21 16:24:55,mediboard,경기도,3,3,A2121061,의료법인덕산의료재단수원덕산병원,2119,D,21,22,24,54276538,3,3,21,2026-06-21T16:25:10.219463,28,30
2026-06-21 16:24:55,mediboard,경기도,0,0,A2117135,의료법인명인의료재단화홍병원,2119,C,21,10,15,54276272,5,5,21,2026-06-21T16:25:10.219463,15,20
2026-06-21 16:24:55,mediboard,경기도,3,3,A2100042,의료법인명지의료재단명지병원,2102,A,21,8,15,54276489,10,11,21,2026-06-21T16:25:10.219463,18,26
2026-06-21 16:24:55,mediboard,경기도,0,0,A2100022,의료법인박애의료재단박애병원,2141,D,21,10,10,54276266,1,1,21,2026-06-21T16:25:10.219463,11,11
2026-06-21 16:24:55,mediboard,경기도,0,0,A2100028,의료법인백송의료재단굿모닝병원,2141,C,21,10,19,54276267,7,9,21,2026-06-21T16:25:10.219463,17,28
2026-06-21 16:24:55,mediboard,경기도,0,0,A2100027,의료법인석경의료재단센트럴병원,2123,D,21,13,18,54276322,3,3,21,2026-06-21T16:25:10.219463,16,21
2026-06-21 16:24:55,mediboard,경기도,0,0,A2116972,의료법인성광의료재단일산차병원,2103,D,21,4,6,54276271,3,4,21,2026-06-21T16:25:10.219463,7,10
2026-06-21 16:24:55,mediboard,경기도,0,0,A2113246,의료법인양진의료재단평택성모병원,2141,C,21,10,17,54276328,3,3,21,2026-06-21T16:25:10.219463,13,20
2026-06-21 16:24:55,mediboard,경기도,0,0,A2100034,의료법인영동의료재단의정부백병원,2138,D,21,6,10,54276165,2,2,21,2026-06-21T16:25:10.219463,8,12
2026-06-21 16:24:55,mediboard,경기도,0,0,A2100053,의료법인우리의료재단김포우리병원,2110,C,21,9,22,54276381,7,7,21,2026-06-21T16:25:10.219463,16,29
2026-06-21 16:24:55,mediboard,경기도,0,0,A2115699,의료법인원광의료재단원광종합병원,2146,D,21,7,9,54276216,1,1,21,2026-06-21T16:25:10.219463,8,10
2026-06-21 16:24:55,mediboard,경기도,0,0,A2100018,의료법인은혜와감사의료재단화성중앙종합병원,2144,D,21,4,9,54276435,1,1,21,2026-06-21T16:25:10.219463,5,10
2026-06-21 16:24:55,mediboard,경기도,0,0,A2100006,의료법인인봉의료재단뉴고려병원,2110,C,21,11,14,54276485,6,6,21,2026-06-21T16:25:10.219463,17,20
2026-06-21 16:24:55,mediboard,경기도,0,0,A2100290,의료법인자인의료재단(더자인병원),2102,D,21,12,16,54276326,4,4,21,2026-06-21T16:25:10.219463,16,20
2026-06-21 16:24:55,mediboard,경기도,0,0,A2100124,의료법인칠석의료재단사랑의병원,2125,D,21,4,13,54276215,1,1,21,2026-06-21T16:25:10.219463,5,14
2026-06-21 16:24:55,mediboard,경기도,0,0,A2100175,의료법인토마스의료재단윌스기념병원,2122,D,21,15,18,54276492,3,3,21,2026-06-21T16:25:10.219463,18,21
2026-06-21 16:24:55,mediboard,경기도,0,0,A2100021,의료법인플러스의료재단단원병원,2124,D,21,9,17,54276321,3,3,21,2026-06-21T16:25:10.219463,12,20
2026-06-21 16:24:55,mediboard,경기도,4,4,A2100038,인제대학교일산백병원,2104,C,21,19,30,54276437,5,6,21,2026-06-21T16:25:10.219463,28,40
2026-06-21 16:24:55,mediboard,경기도,0,0,A2118788,중앙대학교광명병원,2106,C,21,11,21,54276170,1,3,21,2026-06-21T16:25:10.219463,12,24
2026-06-21 16:24:55,mediboard,경기도,10,13,A2100030,차의과학대학교분당차병원,2116,A,21,3,22,54276164,7,7,21,2026-06-21T16:25:10.219463,18,40
2026-06-21 16:24:55,mediboard,경기도,1,1,A2100155,참조은병원,2107,C,21,5,9,54276491,10,10,21,2026-06-21T16:25:10.219463,16,20
2026-06-21 16:24:55,mediboard,경기도,0,0,A2100150,추병원,2138,D,21,11,12,54276383,2,2,21,2026-06-21T16:25:10.219463,13,14
2026-06-21 16:24:55,mediboard,경기도,6,6,A2117994,학교법인을지학원의정부을지대학교병원,2138,C,21,16,30,54276273,11,11,21,2026-06-21T16:25:10.219463,33,47
2026-06-21 16:24:55,mediboard,경기도,9,9,A2100046,한림대학교동탄성심병원,2147,C,21,23,32,54276534,3,3,21,2026-06-21T16:25:10.219463,35,44
2026-06-21 16:24:55,mediboard,경기도,2,3,A2100004,한림대학교성심병원,2127,A,21,2,25,54276161,10,11,21,2026-06-21T16:25:10.219463,14,39
2026-06-21 16:24:55,mediboard,경기도,0,0,A2100039,한양대학교구리병원,2108,C,21,8,18,54276213,5,5,21,2026-06-21T16:25:10.219463,13,23
2026-06-21 16:24:55,mediboard,경기도,0,0,A2100037,현대병원,2111,C,21,9,17,54276167,3,3,21,2026-06-21T16:25:10.219463,12,20
2026-06-21 16:24:55,mediboard,경기도,0,0,A2100015,효산의료재단 안양샘병원,2128,C,21,8,17,54276263,3,3,21,2026-06-21T16:25:10.219463,11,20
2026-06-21 16:24:55,mediboard,경기도,0,0,A2100054,효산의료재단지샘병원,2109,C,21,9,18,54276536,3,4,21,2026-06-21T16:25:10.219463,12,22
2026-06-21 16:24:55,mediboard,강원특별자치도,3,3,A2200008,강릉아산병원,2201,A,22,4,23,54276385,5,5,22,2026-06-21T16:25:10.219463,12,31
2026-06-21 16:24:55,mediboard,강원특별자치도,3,3,A2200009,강원대학교병원,2213,C,22,12,21,54276539,5,5,22,2026-06-21T16:25:10.219463,20,29
2026-06-21 16:24:55,mediboard,강원특별자치도,0,0,A2200011,강원특별자치도강릉의료원,2201,D,22,2,5,54276330,1,1,22,2026-06-21T16:25:10.219463,3,6
2026-06-21 16:24:55,mediboard,강원특별자치도,1,1,A2200007,강원특별자치도삼척의료원,2204,C,22,14,16,54276171,3,5,22,2026-06-21T16:25:10.219463,18,22
2026-06-21 16:24:55,mediboard,강원특별자치도,0,0,A2200012,강원특별자치도속초의료원,2205,C,22,16,17,54276540,3,3,22,2026-06-21T16:25:10.219463,19,20
2026-06-21 16:24:55,mediboard,강원특별자치도,0,0,A2200002,강원특별자치도영월의료원,2208,D,22,8,9,54276217,1,1,22,2026-06-21T16:25:10.219463,9,10
2026-06-21 16:24:55,mediboard,강원특별자치도,0,0,A2200015,강원특별자치도원주의료원,2209,D,22,16,20,54276332,2,2,22,2026-06-21T16:25:10.219463,18,22
2026-06-21 16:24:55,mediboard,강원특별자치도,0,0,A2200048,근로복지공단정선병원,2211,D,22,5,5,54276275,1,1,22,2026-06-21T16:25:10.219463,6,6
2026-06-21 16:24:55,mediboard,강원특별자치도,0,0,A2200004,근로복지공단태백병원,2214,D,22,8,9,54276274,1,1,22,2026-06-21T16:25:10.219463,9,10
2026-06-21 16:24:55,mediboard,강원특별자치도,2,3,A2200001,연세대학교원주세브란스기독병원,2209,A,22,20,31,54276329,36,45,22,2026-06-21T16:25:10.219463,58,79
2026-06-21 16:24:55,mediboard,강원특별자치도,0,0,A2200005,의료법인강릉동인병원,2201,C,22,12,17,54276441,3,3,22,2026-06-21T16:25:10.219463,15,20
2026-06-21 16:24:55,mediboard,강원특별자치도,0,0,A2200003,의료법인동해동인병원,2203,D,22,8,10,54276440,1,1,22,2026-06-21T16:25:10.219463,9,11
2026-06-21 16:24:55,mediboard,강원특별자치도,0,0,A2200037,의료법인성심의료재단양구성심병원,2206,D,22,4,5,54276541,1,1,22,2026-06-21T16:25:10.219463,5,6
2026-06-21 16:24:55,mediboard,강원특별자치도,0,0,A2200024,의료법인성지의료재단성지병원,2209,D,22,0,7,54276387,1,1,22,2026-06-21T16:25:10.219463,1,8
2026-06-21 16:24:55,mediboard,강원특별자치도,0,0,A2200046,의료법인온세움의료재단온재병원,2205,D,22,6,9,54276542,1,1,22,2026-06-21T16:25:10.219463,7,10
2026-06-21 16:24:55,mediboard,강원특별자치도,0,0,A2201730,철원병원,2212,D,22,2,5,54276218,1,1,22,2026-06-21T16:25:10.219463,3,6
2026-06-21 16:24:55,mediboard,강원특별자치도,0,0,E2200026,평창군보건의료원,2215,D,22,5,6,54276296,1,1,22,2026-06-21T16:25:10.219463,6,7
2026-06-21 16:24:55,mediboard,강원특별자치도,1,3,A2200013,한림대학교춘천성심병원,2213,A,22,10,22,54276172,5,5,22,2026-06-21T16:25:10.219463,16,30
2026-06-21 16:24:55,mediboard,강원특별자치도,0,0,A2200014,홍천아산병원,2216,D,22,8,10,54276331,0,0,22,2026-06-21T16:25:10.219463,8,10
2026-06-21 16:24:55,mediboard,강원특별자치도,0,0,E2200025,화천군보건의료원,2217,D,22,7,7,54276411,1,1,22,2026-06-21T16:25:10.219463,8,8
2026-06-21 16:24:55,mediboard,강원특별자치도,0,0,A2200016,횡성대성병원,2218,D,22,7,9,54276386,1,1,22,2026-06-21T16:25:10.219463,8,10
2026-06-21 16:24:55,mediboard,충청북도,0,0,A2300010,건국대학교충주병원,2314,C,23,17,20,54276543,3,3,23,2026-06-21T16:25:10.219463,20,23
2026-06-21 16:24:55,mediboard,충청북도,0,0,E2300011,단양군보건의료원,2302,D,23,4,6,54276242,1,2,23,2026-06-21T16:25:10.219463,5,8
2026-06-21 16:24:55,mediboard,충청북도,0,0,A2300013,의료법인 건명의료재단 중앙제일병원,2309,C,23,14,17,54276442,3,5,23,2026-06-21T16:25:10.219463,17,22
2026-06-21 16:24:55,mediboard,충청북도,0,0,A2300034,의료법인대광의료재단괴산성모병원,2301,D,23,9,9,54276335,0,1,23,2026-06-21T16:25:10.219463,9,10
2026-06-21 16:24:55,mediboard,충청북도,3,3,A2300009,의료법인명지의료재단명지병원,2307,C,23,11,18,54276334,6,6,23,2026-06-21T16:25:10.219463,20,27
2026-06-21 16:24:55,mediboard,충청북도,0,0,A2300007,의료법인인화재단한국병원,2310,C,23,7,14,54276333,6,6,23,2026-06-21T16:25:10.219463,13,20
2026-06-21 16:24:55,mediboard,충청북도,0,0,A2300005,의료법인자산의료재단제천서울병원,2307,C,23,8,15,54276221,5,5,23,2026-06-21T16:25:10.219463,13,20
2026-06-21 16:24:55,mediboard,충청북도,0,0,A2300003,의료법인정산의료재단효성병원,2310,C,23,17,18,54276220,5,5,23,2026-06-21T16:25:10.219463,22,23
2026-06-21 16:24:55,mediboard,충청북도,0,0,A2300030,의료법인조윤의료재단영동병원,2304,D,23,8,10,54276443,0,0,23,2026-06-21T16:25:10.219463,8,10
2026-06-21 16:24:55,mediboard,충청북도,0,0,A2300002,의료법인한마음의료재단하나병원,2313,C,23,13,23,54276173,3,12,23,2026-06-21T16:25:10.219463,16,35
2026-06-21 16:24:55,mediboard,충청북도,0,0,A2300011,의료법인힐링의료재단옥천성모병원,2305,D,23,7,7,54276496,3,3,23,2026-06-21T16:25:10.219463,10,10
2026-06-21 16:24:55,mediboard,충청북도,0,0,A2300008,청주성모병원,2312,C,23,4,15,54276174,7,10,23,2026-06-21T16:25:10.219463,11,25
2026-06-21 16:24:55,mediboard,충청북도,8,8,A2300001,충북대학교병원,2311,A,23,21,32,54276219,5,5,23,2026-06-21T16:25:10.219463,34,45
2026-06-21 16:24:55,mediboard,충청북도,0,0,A2300006,충청북도청주의료원,2311,D,23,12,12,54276277,4,4,23,2026-06-21T16:25:10.219463,16,16
2026-06-21 16:24:55,mediboard,충청북도,0,0,A2300004,충청북도충주의료원,2314,D,23,13,18,54276276,3,3,23,2026-06-21T16:25:10.219463,16,21
2026-06-21 16:24:55,mediboard,충청남도,3,4,A2400002,단국대학교의과대학부속병원,2412,A,24,9,27,54276223,5,5,24,2026-06-21T16:25:10.219463,17,36
2026-06-21 16:24:55,mediboard,충청남도,0,0,A2400008,당진종합병원,2405,C,24,2,17,54276224,3,3,24,2026-06-21T16:25:10.219463,5,20
2026-06-21 16:24:55,mediboard,충청남도,0,4,A2400003,서산중앙병원,2408,C,24,11,17,54276175,3,3,24,2026-06-21T16:25:10.219463,14,24
2026-06-21 16:24:55,mediboard,충청남도,0,0,A2402257,아산충무병원,2410,C,24,10,13,54276544,8,8,24,2026-06-21T16:25:10.219463,18,21
2026-06-21 16:24:55,mediboard,충청남도,0,0,A2400044,의료법인 서해병원,2409,D,24,5,5,54276225,2,2,24,2026-06-21T16:25:10.219463,7,7
2026-06-21 16:24:55,mediboard,충청남도,0,0,A2400009,의료법인백제병원,2404,C,24,17,20,54276177,3,3,24,2026-06-21T16:25:10.219463,20,23
2026-06-21 16:24:55,mediboard,충청남도,0,0,A2400012,의료법인영서의료재단천안충무병원,2413,C,24,6,16,54276336,5,5,24,2026-06-21T16:25:10.219463,11,21
2026-06-21 16:24:55,mediboard,충청남도,0,0,A2400004,의료법인예당의료재단예산종합병원,2411,D,24,5,6,54276497,1,1,24,2026-06-21T16:25:10.219463,6,7
2026-06-21 16:24:55,mediboard,충청남도,0,0,A2400011,재단법인아산사회복지재단보령아산병원,2406,C,24,13,17,54276278,3,3,24,2026-06-21T16:25:10.219463,16,20
2026-06-21 16:24:55,mediboard,충청남도,0,0,E2400032,청양군보건의료원,2414,D,24,5,6,54276353,1,1,24,2026-06-21T16:25:10.219463,6,7
2026-06-21 16:24:55,mediboard,충청남도,0,0,A2400010,충청남도공주의료원,2402,D,24,13,15,54276178,1,1,24,2026-06-21T16:25:10.219463,14,16
2026-06-21 16:24:55,mediboard,충청남도,0,0,A2400006,충청남도서산의료원,2408,C,24,6,17,54276176,3,3,24,2026-06-21T16:25:10.219463,9,20
2026-06-21 16:24:55,mediboard,충청남도,0,0,A2400005,충청남도천안의료원,2412,D,24,12,12,54276444,1,2,24,2026-06-21T16:25:10.219463,13,14
2026-06-21 16:24:55,mediboard,충청남도,1,1,A2400007,충청남도홍성의료원,2416,C,24,10,18,54276498,3,3,24,2026-06-21T16:25:10.219463,14,22
2026-06-21 16:24:55,mediboard,충청남도,0,0,E2400033,태안군보건의료원,2415,D,24,10,10,54276189,1,1,24,2026-06-21T16:25:10.219463,11,11
2026-06-21 16:24:55,mediboard,충청남도,0,0,A2400038,학교법인건양교육재단건양대학교부여병원,2407,D,24,3,9,54276337,1,1,24,2026-06-21T16:25:10.219463,4,10
2026-06-21 16:24:55,mediboard,충청남도,11,18,A2400001,학교법인동은학원순천향대학교부속천안병원,2412,A,24,12,22,54276222,10,11,24,2026-06-21T16:25:10.219463,29,47
2026-06-21 16:24:55,mediboard,충청남도,0,0,A2400039,현대병원,2410,D,24,1,10,54276445,1,1,24,2026-06-21T16:25:10.219463,2,11
2026-06-21 16:24:55,mediboard,전북특별자치도,0,0,A2500038,김제우석병원,2503,D,25,10,10,54276179,1,1,25,2026-06-21T16:25:10.219463,11,11
2026-06-21 16:24:55,mediboard,전북특별자치도,0,0,A2500056,대자인병원,2512,C,25,13,33,54276339,3,3,25,2026-06-21T16:25:10.219463,16,36
2026-06-21 16:24:55,mediboard,전북특별자치도,0,0,E2500019,무주군보건의료원,2505,D,25,3,4,54276513,1,1,25,2026-06-21T16:25:10.219463,4,5
2026-06-21 16:24:55,mediboard,전북특별자치도,0,0,A2500010,부안성모병원,2506,D,25,8,10,54276447,2,2,25,2026-06-21T16:25:10.219463,10,12
2026-06-21 16:24:55,mediboard,전북특별자치도,3,3,A2502742,새강병원,2513,D,25,13,14,54276547,3,3,25,2026-06-21T16:25:10.219463,19,20
2026-06-21 16:24:55,mediboard,전북특별자치도,0,0,E2500021,순창군보건의료원,2507,D,25,9,9,54276243,1,1,25,2026-06-21T16:25:10.219463,10,10
2026-06-21 16:24:55,mediboard,전북특별자치도,3,3,A2500001,원광대학교병원,2509,A,25,11,28,54276545,5,5,25,2026-06-21T16:25:10.219463,19,36
2026-06-21 16:24:55,mediboard,전북특별자치도,0,0,A2500011,의료법인대산의료재단익산병원,2509,C,25,7,17,54276338,3,3,25,2026-06-21T16:25:10.219463,10,20
2026-06-21 16:24:55,mediboard,전북특별자치도,0,0,A2500009,의료법인석천재단고창병원,2501,D,25,0,10,54276499,1,1,25,2026-06-21T16:25:10.219463,1,11
2026-06-21 16:24:55,mediboard,전북특별자치도,0,0,A2500005,의료법인영경의료재단전주병원,2513,C,25,8,17,54276389,3,3,25,2026-06-21T16:25:10.219463,11,20
2026-06-21 16:24:55,mediboard,전북특별자치도,0,0,A2501890,의료법인영경의료재단호성전주병원,2512,D,25,6,9,54276279,1,1,25,2026-06-21T16:25:10.219463,7,10
2026-06-21 16:24:55,mediboard,전북특별자치도,0,0,A2500012,의료법인오성의료재단동군산병원,2502,C,25,2,17,54276546,6,6,25,2026-06-21T16:25:10.219463,8,23
2026-06-21 16:24:55,mediboard,전북특별자치도,0,0,E2500022,임실군보건의료원,2510,D,25,4,4,54276514,1,1,25,2026-06-21T16:25:10.219463,5,5
2026-06-21 16:24:55,mediboard,전북특별자치도,0,0,E2500020,장수군보건의료원,2511,D,25,4,5,54276354,1,1,25,2026-06-21T16:25:10.219463,5,6
2026-06-21 16:24:55,mediboard,전북특별자치도,0,0,A2500008,재단법인 아산사회복지재단 정읍아산병원,2514,C,25,13,17,54276227,3,3,25,2026-06-21T16:25:10.219463,16,20
2026-06-21 16:24:55,mediboard,전북특별자치도,9,12,A2500006,재단법인예수병원유지재단예수병원,2513,C,25,22,38,54276226,5,5,25,2026-06-21T16:25:10.219463,34,53
2026-06-21 16:24:55,mediboard,전북특별자치도,3,5,A2500002,전북대학교병원,2512,A,25,15,36,54276446,7,7,25,2026-06-21T16:25:10.219463,25,48
2026-06-21 16:24:55,mediboard,전북특별자치도,0,0,A2500007,전북특별자치도군산의료원,2502,C,25,2,17,54276390,3,3,25,2026-06-21T16:25:10.219463,5,20
2026-06-21 16:24:55,mediboard,전북특별자치도,0,0,A2500004,전북특별자치도남원의료원,2504,C,25,16,17,54276388,3,3,25,2026-06-21T16:25:10.219463,19,20
2026-06-21 16:24:55,mediboard,전북특별자치도,0,0,A2502031,진안군의료원,2515,D,25,5,6,54276448,2,2,25,2026-06-21T16:25:10.219463,7,8
2026-06-21 16:24:55,mediboard,전라남도,0,0,A2600029,곡성사랑병원,2603,D,26,3,5,54276450,1,1,26,2026-06-21T16:25:10.219463,4,6
2026-06-21 16:24:55,mediboard,전라남도,0,0,A2600006,광양사랑병원,2604,D,26,7,9,54276181,1,1,26,2026-06-21T16:25:10.219463,8,10
2026-06-21 16:24:55,mediboard,전라남도,0,0,A2600061,구례병원,2605,D,26,10,10,54276502,0,0,26,2026-06-21T16:25:10.219463,10,10
2026-06-21 16:24:55,mediboard,전라남도,0,0,A2600016,나주종합병원,2606,D,26,9,10,54276392,0,0,26,2026-06-21T16:25:10.219463,9,10
2026-06-21 16:24:55,mediboard,전라남도,0,0,A2600054,담양사랑병원,2607,D,26,1,6,54276396,2,2,26,2026-06-21T16:25:10.219463,3,8
2026-06-21 16:24:55,mediboard,전라남도,0,0,A2600003,대송의료재단무안병원,2609,D,26,2,4,54276500,1,1,26,2026-06-21T16:25:10.219463,3,5
2026-06-21 16:24:55,mediboard,전라남도,0,0,A2600020,목포기독병원,2608,D,26,-1,17,54276229,3,3,26,2026-06-21T16:25:10.219463,2,20
2026-06-21 16:24:55,mediboard,전라남도,0,0,A2600022,목포시의료원,2608,D,26,7,9,54276551,1,1,26,2026-06-21T16:25:10.219463,8,10
2026-06-21 16:24:55,mediboard,전라남도,2,3,A2600011,목포한국병원,2608,A,26,10,18,54276340,5,5,26,2026-06-21T16:25:10.219463,17,26
2026-06-21 16:24:55,mediboard,전라남도,0,0,A2600052,보성아산병원,2610,D,26,4,8,54276555,1,1,26,2026-06-21T16:25:10.219463,5,9
2026-06-21 16:24:55,mediboard,전라남도,0,0,A2602211,빛가람종합병원,2606,D,26,4,9,54276283,1,1,26,2026-06-21T16:25:10.219463,5,10
2026-06-21 16:24:55,mediboard,전라남도,3,4,A2600019,성가롤로병원,2611,A,26,3,18,54276393,5,5,26,2026-06-21T16:25:10.219463,11,27
2026-06-21 16:24:55,mediboard,전라남도,0,0,A2600008,순천제일병원,2611,D,26,5,9,54276449,1,1,26,2026-06-21T16:25:10.219463,6,10
2026-06-21 16:24:55,mediboard,전라남도,0,0,A2600004,순천중앙병원,2611,D,26,5,5,54276391,1,1,26,2026-06-21T16:25:10.219463,6,6
2026-06-21 16:24:55,mediboard,전라남도,0,0,A2600010,여수전남병원,2613,D,26,7,10,54276549,1,1,26,2026-06-21T16:25:10.219463,8,11
2026-06-21 16:24:55,mediboard,전라남도,0,0,A2600014,여천전남병원,2613,C,26,15,17,54276228,3,3,26,2026-06-21T16:25:10.219463,18,20
2026-06-21 16:24:55,mediboard,전라남도,0,0,A2600015,영광종합병원,2614,D,26,7,10,54276501,3,3,26,2026-06-21T16:25:10.219463,10,13
2026-06-21 16:24:55,mediboard,전라남도,0,0,A2600070,영암한국병원,2615,D,26,7,8,54276503,0,1,26,2026-06-21T16:25:10.219463,7,9
2026-06-21 16:24:55,mediboard,전라남도,0,0,A2600032,완도대성병원,2616,D,26,2,5,54276342,1,1,26,2026-06-21T16:25:10.219463,3,6
2026-06-21 16:24:55,mediboard,전라남도,0,0,A2600034,의료법인 거명의료재단 영광기독병원,2614,D,26,7,10,54276395,1,1,26,2026-06-21T16:25:10.219463,8,11
2026-06-21 16:24:55,mediboard,전라남도,0,0,A2600017,의료법인목포구암의료재단목포중앙병원,2608,C,26,6,16,54276281,4,4,26,2026-06-21T16:25:10.219463,10,20
2026-06-21 16:24:55,mediboard,전라남도,0,0,A2600066,의료법인삼호의료재단벌교삼호병원,2610,D,26,6,6,54276231,1,1,26,2026-06-21T16:25:10.219463,7,7
2026-06-21 16:24:55,mediboard,전라남도,0,0,A2600051,의료법인신안대우병원,2612,D,26,4,4,54276554,1,1,26,2026-06-21T16:25:10.219463,5,5
2026-06-21 16:24:55,mediboard,전라남도,0,0,A2600018,의료법인영성의료재단고흥종합병원,2602,D,26,10,10,54276341,0,0,26,2026-06-21T16:25:10.219463,10,10
2026-06-21 16:24:55,mediboard,전라남도,0,0,A2600021,의료법인우범의료재단장흥종합병원,2618,D,26,9,9,54276550,1,1,26,2026-06-21T16:25:10.219463,10,10
2026-06-21 16:24:55,mediboard,전라남도,0,0,A2600068,의료법인장호의료재단녹동현대병원,2602,D,26,2,3,54276397,2,2,26,2026-06-21T16:25:10.219463,4,5
2026-06-21 16:24:55,mediboard,전라남도,0,0,A2600005,의료법인한국의료재단한국병원,2611,D,26,3,11,54276180,1,1,26,2026-06-21T16:25:10.219463,4,12
2026-06-21 16:24:55,mediboard,전라남도,0,0,A2600027,의료법인한마음의료재단여수제일병원,2613,D,26,8,9,54276394,1,1,26,2026-06-21T16:25:10.219463,9,10
2026-06-21 16:24:55,mediboard,전라남도,0,0,A2600007,의료법인해민의료재단 세안종합병원,2608,D,26,6,7,54276182,2,2,26,2026-06-21T16:25:10.219463,8,9
2026-06-21 16:24:55,mediboard,전라남도,0,0,A2600035,의료법인행복나눔의료재단장성병원,2617,D,26,0,4,54276282,1,1,26,2026-06-21T16:25:10.219463,1,5
2026-06-21 16:24:55,mediboard,전라남도,0,0,A2600009,의료법인행촌의료재단해남종합병원,2621,D,26,7,10,54276548,1,1,26,2026-06-21T16:25:10.219463,8,11
2026-06-21 16:24:55,mediboard,전라남도,0,0,A2600024,의료법인현경의료재단광양서울병원,2604,D,26,6,9,54276552,1,1,26,2026-06-21T16:25:10.219463,7,10
2026-06-21 16:24:55,mediboard,전라남도,0,0,A2600037,장흥우리병원,2618,D,26,4,4,54276230,1,1,26,2026-06-21T16:25:10.219463,5,5
2026-06-21 16:24:55,mediboard,전라남도,0,0,A2600050,전라남도강진의료원,2601,D,26,5,9,54276451,1,1,26,2026-06-21T16:25:10.219463,6,10
2026-06-21 16:24:55,mediboard,전라남도,0,0,A2600056,전라남도순천의료원,2611,D,26,4,6,54276556,2,2,26,2026-06-21T16:25:10.219463,6,8
2026-06-21 16:24:55,mediboard,전라남도,0,0,A2600040,진도한국병원,2619,D,26,4,4,54276553,1,1,26,2026-06-21T16:25:10.219463,5,5
2026-06-21 16:24:55,mediboard,전라남도,0,0,A2600077,해남우리종합병원,2621,D,26,12,15,54276232,4,4,26,2026-06-21T16:25:10.219463,16,19
2026-06-21 16:24:55,mediboard,전라남도,1,1,A2600001,화순전남대학교병원,2622,C,26,13,16,54276280,7,7,26,2026-06-21T16:25:10.219463,21,24
2026-06-21 16:24:55,mediboard,경상북도,0,0,A2700018,경상북도김천의료원,2706,D,27,14,17,54276403,1,1,27,2026-06-21T16:25:10.219463,15,18
2026-06-21 16:24:55,mediboard,경상북도,0,0,A2700001,경상북도안동의료원,2711,D,27,5,6,54276183,2,2,27,2026-06-21T16:25:10.219463,7,8
2026-06-21 16:24:55,mediboard,경상북도,0,0,A2700005,경상북도포항의료원,2724,D,27,5,8,54276398,2,2,27,2026-06-21T16:25:10.219463,7,10
2026-06-21 16:24:55,mediboard,경상북도,0,0,A2700097,계명대학교경주동산병원,2702,D,27,7,9,54276452,1,1,27,2026-06-21T16:25:10.219463,8,10
2026-06-21 16:24:55,mediboard,경상북도,0,0,A2700015,구미강동병원,2704,D,27,6,7,54276402,2,3,27,2026-06-21T16:25:10.219463,8,10
2026-06-21 16:24:55,mediboard,경상북도,2,3,A2700003,동국대학교의과대학경주병원,2702,C,27,10,16,54276504,7,7,27,2026-06-21T16:25:10.219463,19,26
2026-06-21 16:24:55,mediboard,경상북도,0,0,A2700011,상주적십자병원,2709,D,27,5,9,54276557,1,1,27,2026-06-21T16:25:10.219463,6,10
2026-06-21 16:24:55,mediboard,경상북도,3,4,A2700013,순천향대학교부속구미병원,2704,C,27,3,13,54276286,3,3,27,2026-06-21T16:25:10.219463,9,20
2026-06-21 16:24:55,mediboard,경상북도,0,0,A2700004,안동성소병원,2711,C,27,9,12,54276184,8,8,27,2026-06-21T16:25:10.219463,17,20
2026-06-21 16:24:55,mediboard,경상북도,0,0,A2700008,에스포항병원,2723,D,27,5,6,54276400,1,1,27,2026-06-21T16:25:10.219463,6,7
2026-06-21 16:24:55,mediboard,경상북도,0,0,A2700017,영남대학교의과대학부속영천병원,2715,D,27,9,10,54276344,3,3,27,2026-06-21T16:25:10.219463,12,13
2026-06-21 16:24:55,mediboard,경상북도,0,0,A2700031,영주기독병원,2714,D,27,0,4,54276234,1,1,27,2026-06-21T16:25:10.219463,1,5
2026-06-21 16:24:55,mediboard,경상북도,0,0,A2700020,영주자인병원,2714,D,27,1,4,54276345,1,1,27,2026-06-21T16:25:10.219463,2,5
2026-06-21 16:24:55,mediboard,경상북도,0,0,A2702752,영주적십자병원,2714,D,27,7,10,54276288,1,1,27,2026-06-21T16:25:10.219463,8,11
2026-06-21 16:24:55,mediboard,경상북도,0,0,E2700553,울릉군보건의료원,2717,D,27,3,5,54276190,0,0,27,2026-06-21T16:25:10.219463,3,5
2026-06-21 16:24:55,mediboard,경상북도,0,0,A2700052,울진군의료원,2718,D,27,4,8,54276236,2,2,27,2026-06-21T16:25:10.219463,6,10
2026-06-21 16:24:55,mediboard,경상북도,0,0,A2700019,의)근원의료재단경산중앙병원,2701,D,27,6,10,54276233,2,2,27,2026-06-21T16:25:10.219463,8,12
2026-06-21 16:24:55,mediboard,경상북도,0,0,A2700038,의료법인대남의료재단청도대남병원,2720,D,27,6,10,54276558,0,0,27,2026-06-21T16:25:10.219463,6,10
2026-06-21 16:24:55,mediboard,경상북도,0,0,A2700012,의료법인덕산의료재단김천제일병원,2706,C,27,14,16,54276401,4,4,27,2026-06-21T16:25:10.219463,18,20
2026-06-21 16:24:55,mediboard,경상북도,0,0,A2700006,의료법인동춘의료재단문경제일병원,2707,C,27,14,17,54276399,1,3,27,2026-06-21T16:25:10.219463,15,20
2026-06-21 16:24:55,mediboard,경상북도,0,0,A2700009,의료법인삼백의료재단상주성모병원,2709,D,27,9,9,54276505,1,1,27,2026-06-21T16:25:10.219463,10,10
2026-06-21 16:24:55,mediboard,경상북도,0,0,A2700036,의료법인서명의료재단세명종합병원,2701,D,27,2,13,54276235,2,2,27,2026-06-21T16:25:10.219463,4,15
2026-06-21 16:24:55,mediboard,경상북도,0,0,A2700023,의료법인서준의료재단예천권병원,2716,D,27,6,6,54276287,1,1,27,2026-06-21T16:25:10.219463,7,7
2026-06-21 16:24:55,mediboard,경상북도,0,3,A2700014,의료법인안동병원,2711,A,27,8,17,54276185,4,5,27,2026-06-21T16:25:10.219463,12,25
2026-06-21 16:24:55,mediboard,경상북도,0,0,A2700070,의료법인영암의료재단고령영생병원,2703,D,27,2,5,54276347,1,1,27,2026-06-21T16:25:10.219463,3,6
2026-06-21 16:24:55,mediboard,경상북도,0,0,A2700063,의료법인영제의료재단영남제일병원,2719,D,27,4,5,54276346,1,1,27,2026-06-21T16:25:10.219463,5,6
2026-06-21 16:24:55,mediboard,경상북도,0,0,A2702563,의료법인은성의료재단좋은선린병원,2724,D,27,8,10,54276348,2,2,27,2026-06-21T16:25:10.219463,10,12
2026-06-21 16:24:55,mediboard,경상북도,5,5,A2700007,차의과학대학교부속구미차병원,2704,A,27,2,20,54276285,6,12,27,2026-06-21T16:25:10.219463,13,37
2026-06-21 16:24:55,mediboard,경상북도,0,0,E2700554,청송군보건의료원,2721,D,27,4,5,54276412,1,1,27,2026-06-21T16:25:10.219463,5,6
2026-06-21 16:24:55,mediboard,경상북도,11,11,A2700016,포항성모병원,2723,A,27,3,20,54276343,5,15,27,2026-06-21T16:25:10.219463,19,46
2026-06-21 16:24:55,mediboard,경상북도,0,0,A2700002,포항세명기독병원,2723,C,27,6,15,54276284,10,10,27,2026-06-21T16:25:10.219463,16,25
2026-06-21 16:24:55,mediboard,경상남도,0,0,A2800032,강병원,2803,D,28,9,9,54276455,1,1,28,2026-06-21T16:25:10.219463,10,10
2026-06-21 16:24:55,mediboard,경상남도,0,0,A2803677,강일병원,2804,D,28,7,8,54276293,3,3,28,2026-06-21T16:25:10.219463,10,11
2026-06-21 16:24:55,mediboard,경상남도,0,0,A2800076,거창적십자병원,2802,D,28,6,9,54276458,1,1,28,2026-06-21T16:25:10.219463,7,10
2026-06-21 16:24:55,mediboard,경상남도,3,3,A2800001,경상국립대학교병원,2811,A,28,14,30,54276506,4,5,28,2026-06-21T16:25:10.219463,21,38
2026-06-21 16:24:55,mediboard,경상남도,0,0,A2800025,경상남도마산의료원,2813,D,28,10,13,54276291,2,2,28,2026-06-21T16:25:10.219463,12,15
2026-06-21 16:24:55,mediboard,경상남도,0,0,A2800113,밀양병원,2806,D,28,8,8,54276511,1,1,28,2026-06-21T16:25:10.219463,9,9
2026-06-21 16:24:55,mediboard,경상남도,0,0,A2800084,반도병원,2811,D,28,7,7,54276409,1,1,28,2026-06-21T16:25:10.219463,8,8
2026-06-21 16:24:55,mediboard,경상남도,0,0,A2800019,베데스다복음병원,2809,D,28,8,9,54276508,1,1,28,2026-06-21T16:25:10.219463,9,10
2026-06-21 16:24:55,mediboard,경상남도,0,0,E2800380,산청군보건의료원,2808,D,28,5,5,54276297,1,1,28,2026-06-21T16:25:10.219463,6,6
2026-06-21 16:24:55,mediboard,경상남도,0,0,A2800055,삼성합천병원,2822,D,28,2,4,54276456,1,1,28,2026-06-21T16:25:10.219463,3,5
2026-06-21 16:24:55,mediboard,경상남도,0,0,A2800101,삼천포제일병원,2807,D,28,8,8,54276292,2,2,28,2026-06-21T16:25:10.219463,10,10
2026-06-21 16:24:55,mediboard,경상남도,0,0,A2800092,새통영병원,2818,D,28,6,9,54276239,1,1,28,2026-06-21T16:25:10.219463,7,10
2026-06-21 16:24:55,mediboard,경상남도,5,10,A2800011,양산부산대학교병원,2809,A,28,9,23,54276349,6,8,28,2026-06-21T16:25:10.219463,19,39
2026-06-21 16:24:55,mediboard,경상남도,0,0,A2804593,양산성모병원,2809,D,28,11,13,54276294,1,1,28,2026-06-21T16:25:10.219463,12,14
2026-06-21 16:24:55,mediboard,경상남도,0,0,A2800021,연세에스병원,2817,D,28,9,9,54276238,1,1,28,2026-06-21T16:25:10.219463,10,10
2026-06-21 16:24:55,mediboard,경상남도,0,0,A2800090,의령병원,2810,D,28,4,4,54276351,1,1,28,2026-06-21T16:25:10.219463,5,5
2026-06-21 16:24:55,mediboard,경상남도,0,0,A2800008,의료법인 거붕 백병원,2801,D,28,3,9,54276405,1,1,28,2026-06-21T16:25:10.219463,4,10
2026-06-21 16:24:55,mediboard,경상남도,0,0,A2800005,의료법인 대우의료재단대우병원,2801,D,28,8,9,54276186,0,1,28,2026-06-21T16:25:10.219463,8,10
2026-06-21 16:24:55,mediboard,경상남도,0,0,A2800015,의료법인 문병욱의료재단 진주고려병원,2811,D,28,9,10,54276507,1,1,28,2026-06-21T16:25:10.219463,10,11
2026-06-21 16:24:55,mediboard,경상남도,0,0,A2800022,의료법인 성념의료재단맑은샘병원,2801,D,28,9,9,54276559,1,1,28,2026-06-21T16:25:10.219463,10,10
2026-06-21 16:24:55,mediboard,경상남도,0,0,A2800094,의료법인 이도의료재단 남해병원,2805,D,28,6,8,54276352,2,2,28,2026-06-21T16:25:10.219463,8,10
2026-06-21 16:24:55,mediboard,경상남도,0,0,A2800014,의료법인갑을의료재단 갑을장유병원,2804,D,28,6,9,54276407,1,1,28,2026-06-21T16:25:10.219463,7,10
2026-06-21 16:24:55,mediboard,경상남도,0,0,A2800006,의료법인숭인의료재단 김해복음병원,2804,C,28,15,16,54276453,4,4,28,2026-06-21T16:25:10.219463,19,20
2026-06-21 16:24:55,mediboard,경상남도,0,0,A2800068,의료법인승연의료재단 삼천포서울병원,2807,D,28,9,9,54276457,1,1,28,2026-06-21T16:25:10.219463,10,10
2026-06-21 16:24:55,mediboard,경상남도,0,0,A2800009,의료법인청아의료재단청아병원,2814,D,28,8,9,54276406,1,1,28,2026-06-21T16:25:10.219463,9,10
2026-06-21 16:24:55,mediboard,경상남도,0,0,A2800017,의료법인합포의료재단에스엠지연세병원,2813,C,28,6,17,54276350,3,3,28,2026-06-21T16:25:10.219463,9,20
2026-06-21 16:24:55,mediboard,경상남도,0,0,A2800010,의료법인환명의료재단 조은금강병원,2804,C,28,13,17,54276290,3,3,28,2026-06-21T16:25:10.219463,16,20
2026-06-21 16:24:55,mediboard,경상남도,0,0,A2800003,제일병원,2811,C,28,8,17,54276289,3,3,28,2026-06-21T16:25:10.219463,11,20
2026-06-21 16:24:55,mediboard,경상남도,0,0,A2800037,진주복음병원,2811,D,28,3,9,54276187,1,1,28,2026-06-21T16:25:10.219463,4,10
2026-06-21 16:24:55,mediboard,경상남도,0,0,A2803505,창원경상국립대학교병원,2815,C,28,9,18,54276240,3,10,28,2026-06-21T16:25:10.219463,12,28
2026-06-21 16:24:55,mediboard,경상남도,0,0,A2800004,창원파티마병원,2816,C,28,9,17,54276404,3,3,28,2026-06-21T16:25:10.219463,12,20
2026-06-21 16:24:55,mediboard,경상남도,0,0,A2800007,창원한마음병원,2816,C,28,5,21,54276454,3,4,28,2026-06-21T16:25:10.219463,8,25
2026-06-21 16:24:55,mediboard,경상남도,0,0,A2800062,태황의료재단한성병원,2812,D,28,0,9,54276510,1,1,28,2026-06-21T16:25:10.219463,1,10
2026-06-21 16:24:55,mediboard,경상남도,3,3,A2800020,학교법인성균관대학삼성창원병원,2814,A,28,7,18,54276237,5,5,28,2026-06-21T16:25:10.219463,15,26
2026-06-21 16:24:55,mediboard,경상남도,0,0,A2800043,한일병원,2811,C,28,7,17,54276509,3,3,28,2026-06-21T16:25:10.219463,10,20
2026-06-21 16:24:55,mediboard,경상남도,0,0,A2800080,함양성심병원,2821,D,28,3,4,54276408,1,1,28,2026-06-21T16:25:10.219463,4,5
2026-06-21 16:24:55,mediboard,제주특별자치도,0,0,A2900003,의료법인 혜인의료재단 한국병원,2902,D,29,-5,9,54276459,1,1,29,2026-06-21T16:25:10.219463,-4,10
2026-06-21 16:24:55,mediboard,제주특별자치도,1,1,A2900006,의료법인중앙의료재단중앙병원,2902,C,29,1,16,54276295,3,3,29,2026-06-21T16:25:10.219463,5,20
2026-06-21 16:24:55,mediboard,제주특별자치도,0,0,A2900007,제주대학교병원,2902,C,29,2,20,54276410,4,6,29,2026-06-21T16:25:10.219463,6,26
2026-06-21 16:24:55,mediboard,제주특별자치도,4,4,A2900002,제주특별자치도서귀포의료원,2901,C,29,8,16,54276241,5,5,29,2026-06-21T16:25:10.219463,17,25
2026-06-21 16:24:55,mediboard,제주특별자치도,3,3,A2900001,제주한라병원,2902,A,29,3,17,54276560,5,5,29,2026-06-21T16:25:10.219463,11,25
2026-06-21 16:24:55,mediboard,제주특별자치도,0,0,A2900005,한마음병원,2902,C,29,6,17,54276512,0,3,29,2026-06-21T16:25:10.219463,6,20
2026-06-21 19:58:52,mediboard,서울특별시,0,0,A1100011,가톨릭대학교여의도성모병원,1120,C,11,11,15,54293856,5,5,11,2026-06-21T19:55:10.005309,16,20
2026-06-21 19:58:52,mediboard,서울특별시,7,8,A1121013,가톨릭대학교은평성모병원,1122,C,11,7,24,54294077,4,4,11,2026-06-21T19:55:10.005309,18,36
2026-06-21 19:58:52,mediboard,서울특별시,3,3,A1100043,강동경희대학교병원,1102,A,11,5,15,54293750,2,5,11,2026-06-21T19:55:10.005309,10,23
2026-06-21 19:58:52,mediboard,서울특별시,2,2,A1100006,강북삼성병원,1123,C,11,0,15,54294071,3,3,11,2026-06-21T19:55:10.005309,5,20
2026-06-21 19:58:52,mediboard,서울특별시,2,4,A1100002,건국대학교병원,1106,C,11,10,20,54293969,3,3,11,2026-06-21T19:55:10.005309,15,27
2026-06-21 19:58:52,mediboard,서울특별시,0,0,A1100039,경찰병원,1118,D,11,1,3,54293974,2,2,11,2026-06-21T19:55:10.005309,3,5
2026-06-21 19:58:52,mediboard,서울특별시,3,3,A1100001,경희대학교병원,1111,C,11,5,15,54293911,4,5,11,2026-06-21T19:55:10.005309,12,23
2026-06-21 19:58:52,mediboard,서울특별시,1,3,A1100014,고려대학교의과대학부속구로병원,1107,A,11,7,29,54293857,4,5,11,2026-06-21T19:55:10.005309,12,37
2026-06-21 19:58:52,mediboard,서울특별시,0,0,A1100026,구로성심병원,1107,D,11,6,9,54294074,1,1,11,2026-06-21T19:55:10.005309,7,10
2026-06-21 19:58:52,mediboard,서울특별시,3,3,A1100052,국립중앙의료원,1124,C,11,13,17,54294021,10,10,11,2026-06-21T19:55:10.005309,26,30
2026-06-21 19:58:52,mediboard,서울특별시,0,0,A1122033,기쁨병원,1115,D,11,0,4,54293704,1,1,11,2026-06-21T19:55:10.005309,1,5
2026-06-21 19:58:52,mediboard,서울특별시,0,0,A1100048,노원을지대학교병원,1109,C,11,8,17,54293702,5,5,11,2026-06-21T19:55:10.005309,13,22
2026-06-21 19:58:52,mediboard,서울특별시,0,0,A1100044,녹색병원,1125,D,11,5,5,54294020,5,5,11,2026-06-21T19:55:10.005309,10,10
2026-06-21 19:58:52,mediboard,서울특별시,0,0,A1100037,대림성모병원,1120,D,11,4,8,54293860,2,2,11,2026-06-21T19:55:10.005309,6,10
2026-06-21 19:58:52,mediboard,서울특별시,0,0,A1100024,명지성모병원,1120,D,11,5,8,54293700,1,2,11,2026-06-21T19:55:10.005309,6,10
2026-06-21 19:58:52,mediboard,서울특별시,0,0,A1100036,부민병원,1104,D,11,9,10,54294075,1,1,11,2026-06-21T19:55:10.005309,10,11
2026-06-21 19:58:52,mediboard,서울특별시,3,4,A1100010,삼성서울병원,1101,C,11,-2,52,54293970,4,4,11,2026-06-21T19:55:10.005309,5,60
2026-06-21 19:58:52,mediboard,서울특별시,0,0,A1100021,삼육서울병원,1111,C,11,8,13,54293971,7,7,11,2026-06-21T19:55:10.005309,15,20
2026-06-21 19:58:52,mediboard,서울특별시,2,12,A1100017,서울대학교병원,1123,A,11,2,24,54293699,8,8,11,2026-06-21T19:55:10.005309,10,42
2026-06-21 19:58:52,mediboard,서울특별시,0,0,A1100050,서울성심병원,1111,D,11,15,17,54293975,3,3,11,2026-06-21T19:55:10.005309,18,20
2026-06-21 19:58:52,mediboard,서울특별시,0,0,A1100029,서울적십자병원,1123,D,11,9,10,54293801,1,1,11,2026-06-21T19:55:10.005309,10,11
2026-06-21 19:58:52,mediboard,서울특별시,0,0,A1100022,서울특별시동부병원,1111,D,11,8,8,54293747,2,2,11,2026-06-21T19:55:10.005309,10,10
2026-06-21 19:58:52,mediboard,서울특별시,3,3,A1100040,서울특별시보라매병원,1112,C,11,11,31,54293802,3,3,11,2026-06-21T19:55:10.005309,17,37
2026-06-21 19:58:52,mediboard,서울특별시,0,0,A1100223,서울특별시서남병원,1119,D,11,4,6,54293751,2,2,11,2026-06-21T19:55:10.005309,6,8
2026-06-21 19:58:52,mediboard,서울특별시,1,3,A1100035,서울특별시서울의료원,1125,A,11,2,19,54293973,5,5,11,2026-06-21T19:55:10.005309,8,27
2026-06-21 19:58:52,mediboard,서울특별시,0,0,A1100028,성심의료재단강동성심병원,1102,C,11,5,15,54293972,8,9,11,2026-06-21T19:55:10.005309,13,24
2026-06-21 19:58:52,mediboard,서울특별시,0,0,A1100054,성애의료재단성애병원,1120,C,11,12,15,54294022,5,11,11,2026-06-21T19:55:10.005309,17,26
2026-06-21 19:58:52,mediboard,서울특별시,0,0,A1100032,세란병원,1123,D,11,8,10,54293859,1,1,11,2026-06-21T19:55:10.005309,9,11
2026-06-21 19:58:52,mediboard,서울특별시,2,4,A1100004,순천향대학교부속서울병원,1121,C,11,5,20,54293855,3,3,11,2026-06-21T19:55:10.005309,10,27
2026-06-21 19:58:52,mediboard,서울특별시,0,0,A1100045,씨엠병원,1120,D,11,10,10,54293915,0,0,11,2026-06-21T19:55:10.005309,10,10
2026-06-21 19:58:52,mediboard,서울특별시,1,2,A1100015,연세대학교의과대학강남세브란스병원,1101,C,11,7,21,54294073,2,3,11,2026-06-21T19:55:10.005309,10,26
2026-06-21 19:58:52,mediboard,서울특별시,6,10,A1100007,연세대학교의과대학세브란스병원,1114,C,11,23,39,54294017,6,6,11,2026-06-21T19:55:10.005309,33,53
2026-06-21 19:58:52,mediboard,서울특별시,0,0,A1100025,의료법인동신의료재단동신병원,1114,D,11,7,9,54294019,1,1,11,2026-06-21T19:55:10.005309,8,10
2026-06-21 19:58:52,mediboard,서울특별시,0,0,A1100041,의료법인서울효천의료재단에이치플러스양지병원,1105,C,11,4,18,54293749,3,3,11,2026-06-21T19:55:10.005309,7,21
2026-06-21 19:58:52,mediboard,서울특별시,0,0,A1100023,의료법인청구성심병원,1122,D,11,6,10,54293748,1,1,11,2026-06-21T19:55:10.005309,7,11
2026-06-21 19:58:52,mediboard,서울특별시,0,0,A1100075,의료법인풍산의료재단동부제일병원,1125,D,11,5,7,54293703,1,1,11,2026-06-21T19:55:10.005309,6,8
2026-06-21 19:58:52,mediboard,서울특별시,2,2,A1100020,의료법인한전의료재단한일병원,1110,C,11,6,21,54293914,4,4,11,2026-06-21T19:55:10.005309,12,27
2026-06-21 19:58:52,mediboard,서울특별시,8,8,A1100005,이화여자대학교의과대학부속목동병원,1119,A,11,11,19,54294016,5,6,11,2026-06-21T19:55:10.005309,24,33
2026-06-21 19:58:52,mediboard,서울특별시,0,9,A1120796,이화여자대학교의과대학부속서울병원,1104,C,11,-3,14,54293976,6,6,11,2026-06-21T19:55:10.005309,3,29
2026-06-21 19:58:52,mediboard,서울특별시,0,0,A1100016,인제대학교상계백병원,1109,C,11,3,16,54294018,3,7,11,2026-06-21T19:55:10.005309,6,23
2026-06-21 19:58:52,mediboard,서울특별시,6,14,A1100009,재단법인아산사회복지재단서울아산병원,1118,C,11,9,36,54293913,14,26,11,2026-06-21T19:55:10.005309,26,73
2026-06-21 19:58:52,mediboard,서울특별시,4,4,A1100003,중앙대학교병원,1112,C,11,4,18,54293854,0,0,11,2026-06-21T19:55:10.005309,8,22
2026-06-21 19:58:52,mediboard,서울특별시,4,9,A1100012,학교법인가톨릭학원가톨릭대학교서울성모병원,1115,C,11,1,28,54293800,4,8,11,2026-06-21T19:55:10.005309,8,43
2026-06-21 19:58:52,mediboard,서울특별시,4,4,A1100008,학교법인고려중앙학원고려대학교의과대학부속병원(안암병원),1117,A,11,14,30,54293912,8,9,11,2026-06-21T19:55:10.005309,26,43
2026-06-21 19:58:52,mediboard,서울특별시,0,0,A1100053,한국보훈복지의료공단중앙보훈병원,1102,C,11,19,22,54293861,3,3,11,2026-06-21T19:55:10.005309,22,25
2026-06-21 19:58:52,mediboard,서울특별시,0,0,A1100027,한국원자력의학원원자력병원,1109,D,11,9,9,54293701,3,3,11,2026-06-21T19:55:10.005309,12,12
2026-06-21 19:58:52,mediboard,서울특별시,1,3,A1100055,한림대학교강남성심병원,1120,C,11,13,20,54293917,5,5,11,2026-06-21T19:55:10.005309,19,28
2026-06-21 19:58:52,mediboard,서울특별시,1,3,A1100013,한양대학교병원,1116,A,11,10,20,54294072,7,12,11,2026-06-21T19:55:10.005309,18,35
2026-06-21 19:58:52,mediboard,서울특별시,0,0,A1100051,혜민병원,1106,D,11,7,9,54293916,1,1,11,2026-06-21T19:55:10.005309,8,10
2026-06-21 19:58:52,mediboard,서울특별시,0,0,A1100019,홍익병원,1119,D,11,1,9,54293858,0,1,11,2026-06-21T19:55:10.005309,1,10
2026-06-21 19:58:52,mediboard,서울특별시,0,0,A1100049,희명병원,1108,D,11,6,10,54294076,1,1,11,2026-06-21T19:55:10.005309,7,11
2026-06-21 19:58:52,mediboard,부산광역시,0,0,A1200028,(의)서일의료재단기장병원,1203,D,12,6,9,54293978,1,1,12,2026-06-21T19:55:10.005309,7,10
2026-06-21 19:58:52,mediboard,부산광역시,0,0,A1200004,고신대학교복음병원,1211,C,12,14,25,54293752,4,5,12,2026-06-21T19:55:10.005309,18,30
2026-06-21 19:58:52,mediboard,부산광역시,0,0,A1200045,구포성심병원,1208,D,12,5,9,54293807,1,1,12,2026-06-21T19:55:10.005309,6,10
2026-06-21 19:58:52,mediboard,부산광역시,3,3,A1200018,대동병원,1206,C,12,10,15,54293864,3,3,12,2026-06-21T19:55:10.005309,16,21
2026-06-21 19:58:52,mediboard,부산광역시,0,0,A1200015,동남권원자력의학원원자력병원,1203,D,12,6,9,54293921,1,1,12,2026-06-21T19:55:10.005309,7,10
2026-06-21 19:58:52,mediboard,부산광역시,0,0,A1200011,동래봉생병원,1206,D,12,1,8,54294025,2,2,12,2026-06-21T19:55:10.005309,3,10
2026-06-21 19:58:52,mediboard,부산광역시,3,3,A1200003,동아대학교병원,1211,A,12,10,19,54294078,5,5,12,2026-06-21T19:55:10.005309,18,27
2026-06-21 19:58:52,mediboard,부산광역시,0,0,A1200024,부산광역시의료원,1213,D,12,15,18,54294027,2,8,12,2026-06-21T19:55:10.005309,17,26
2026-06-21 19:58:52,mediboard,부산광역시,3,3,A1200002,부산대학교병원,1211,C,12,12,19,54293705,3,3,12,2026-06-21T19:55:10.005309,18,25
2026-06-21 19:58:52,mediboard,부산광역시,4,4,A1200013,부산성모병원(재단법인 천주교부산교구유지재단),1204,D,12,0,10,54293920,5,5,12,2026-06-21T19:55:10.005309,9,19
2026-06-21 19:58:52,mediboard,부산광역시,0,0,A1200007,비에이치에스한서병원,1212,C,12,16,17,54293919,2,3,12,2026-06-21T19:55:10.005309,18,20
2026-06-21 19:58:52,mediboard,부산광역시,0,0,A1200021,삼육부산병원,1211,D,12,5,9,54293805,1,1,12,2026-06-21T19:55:10.005309,6,10
2026-06-21 19:58:52,mediboard,부산광역시,0,0,A1200014,영도병원,1214,D,12,5,7,54293804,2,2,12,2026-06-21T19:55:10.005309,7,9
2026-06-21 19:58:52,mediboard,부산광역시,0,0,A1200009,의료법인 광혜의료재단 광혜병원,1206,D,12,8,9,54294024,3,3,12,2026-06-21T19:55:10.005309,11,12
2026-06-21 19:58:52,mediboard,부산광역시,0,0,A1200098,의료법인 센텀의료재단 센텀종합병원,1212,D,12,6,9,54293922,1,1,12,2026-06-21T19:55:10.005309,7,10
2026-06-21 19:58:52,mediboard,부산광역시,0,0,A1200020,의료법인 온그룹의료재단 온병원,1207,C,12,13,20,54293706,3,3,12,2026-06-21T19:55:10.005309,16,23
2026-06-21 19:58:52,mediboard,부산광역시,0,0,A1200008,의료법인 은성의료재단 좋은강안병원,1212,D,12,2,15,54293862,2,2,12,2026-06-21T19:55:10.005309,4,17
2026-06-21 19:58:52,mediboard,부산광역시,1,1,A1200005,의료법인 은성의료재단 좋은삼선병원,1209,C,12,10,13,54293803,6,6,12,2026-06-21T19:55:10.005309,17,20
2026-06-21 19:58:52,mediboard,부산광역시,0,0,A1200006,의료법인 인당의료재단 부민병원,1208,D,12,9,10,54294023,2,2,12,2026-06-21T19:55:10.005309,11,12
2026-06-21 19:58:52,mediboard,부산광역시,0,0,A1205143,의료법인 인당의료재단 해운대부민병원,1216,D,12,5,9,54293979,1,1,12,2026-06-21T19:55:10.005309,6,10
2026-06-21 19:58:52,mediboard,부산광역시,0,0,A1200012,의료법인 행도의료재단 해동병원,1214,D,12,5,6,54293753,1,1,12,2026-06-21T19:55:10.005309,6,7
2026-06-21 19:58:52,mediboard,부산광역시,0,0,A1200017,의료법인정화의료재단 봉생기념병원,1205,D,12,4,9,54293863,2,2,12,2026-06-21T19:55:10.005309,6,11
2026-06-21 19:58:52,mediboard,부산광역시,2,3,A1200022,인제대학교 해운대백병원,1216,A,12,15,29,54293977,5,5,12,2026-06-21T19:55:10.005309,22,37
2026-06-21 19:58:52,mediboard,부산광역시,0,0,A1200001,인제대학교부산백병원,1207,C,12,19,32,54293918,3,3,12,2026-06-21T19:55:10.005309,22,35
2026-06-21 19:58:52,mediboard,부산광역시,0,0,A1200023,재단법인천주교부산교구유지재단 메리놀병원,1215,D,12,7,9,54293806,1,1,12,2026-06-21T19:55:10.005309,8,10
2026-06-21 19:58:52,mediboard,부산광역시,2,2,A1200026,좋은문화병원,1205,D,12,1,7,54293708,2,3,12,2026-06-21T19:55:10.005309,5,12
2026-06-21 19:58:52,mediboard,부산광역시,0,0,A1200025,학교법인 춘해병원,1207,D,12,8,9,54293707,1,1,12,2026-06-21T19:55:10.005309,9,10
2026-06-21 19:58:52,mediboard,부산광역시,0,0,A1200019,학교법인)동의병원,1207,D,12,9,14,54293754,1,1,12,2026-06-21T19:55:10.005309,10,15
2026-06-21 19:58:52,mediboard,부산광역시,0,0,A1200016,한국보훈복지의료공단 부산보훈병원,1209,D,12,11,11,54294026,2,2,12,2026-06-21T19:55:10.005309,13,13
2026-06-21 19:58:52,mediboard,인천광역시,0,0,A1300081,(재)미리내천주성삼성직수도회천주성삼병원,1307,D,13,5,9,54293924,1,2,13,2026-06-21T19:55:10.005309,6,11
2026-06-21 19:58:52,mediboard,인천광역시,0,0,A1300018,강남종합병원,1304,D,13,15,15,54294032,1,1,13,2026-06-21T19:55:10.005309,16,16
2026-06-21 19:58:52,mediboard,인천광역시,4,4,A1300002,경북대학교병원,1308,A,13,10,27,54294028,5,5,13,2026-06-21T19:55:10.005309,19,36
2026-06-21 19:58:52,mediboard,인천광역시,0,0,A1303386,계명대학교대구동산병원,1308,D,13,9,12,54293756,2,2,13,2026-06-21T19:55:10.005309,11,14
2026-06-21 19:58:52,mediboard,인천광역시,0,0,A1300003,계명대학교동산병원,1302,C,13,6,23,54293709,1,3,13,2026-06-21T19:55:10.005309,7,26
2026-06-21 19:58:52,mediboard,인천광역시,0,0,A1300008,곽병원,1308,D,13,8,10,54294031,2,2,13,2026-06-21T19:55:10.005309,10,12
2026-06-21 19:58:52,mediboard,인천광역시,0,0,A1300038,나사렛종합병원,1302,D,13,0,9,54294079,2,10,13,2026-06-21T19:55:10.005309,2,19
2026-06-21 19:58:52,mediboard,인천광역시,0,0,A1300004,대구가톨릭대학교병원,1301,C,13,6,24,54293809,4,4,13,2026-06-21T19:55:10.005309,10,28
2026-06-21 19:58:52,mediboard,인천광역시,0,0,A1300005,대구가톨릭대학교칠곡가톨릭병원,1305,D,13,8,9,54294029,1,1,13,2026-06-21T19:55:10.005309,9,10
2026-06-21 19:58:52,mediboard,인천광역시,0,0,A1300076,대구굿모닝병원,1306,D,13,11,17,54294033,2,2,13,2026-06-21T19:55:10.005309,13,19
2026-06-21 19:58:52,mediboard,인천광역시,0,0,A1300007,대구의료원,1306,D,13,17,18,54294030,2,2,13,2026-06-21T19:55:10.005309,19,20
2026-06-21 19:58:52,mediboard,인천광역시,2,5,A1300009,대구파티마병원,1304,C,13,8,25,54293810,6,7,13,2026-06-21T19:55:10.005309,16,37
2026-06-21 19:58:52,mediboard,인천광역시,0,0,A1300110,더블유병원,1302,D,13,0,10,54293865,1,1,13,2026-06-21T19:55:10.005309,1,11
2026-06-21 19:58:52,mediboard,인천광역시,0,0,A1300034,드림종합병원,1301,D,13,4,8,54293923,2,2,13,2026-06-21T19:55:10.005309,6,10
2026-06-21 19:58:52,mediboard,인천광역시,0,0,A1300045,삼일병원,1302,D,13,6,14,54293812,1,1,13,2026-06-21T19:55:10.005309,7,15
2026-06-21 19:58:52,mediboard,인천광역시,3,3,A1300001,영남대학교병원,1301,A,13,19,28,54293808,5,5,13,2026-06-21T19:55:10.005309,27,36
2026-06-21 19:58:52,mediboard,인천광역시,0,0,A1300006,의료법인구의료재단구병원,1302,D,13,5,10,54293755,1,1,13,2026-06-21T19:55:10.005309,6,11
2026-06-21 19:58:52,mediboard,인천광역시,4,9,A1300010,칠곡경북대학교병원,1305,C,13,6,23,54293980,6,6,13,2026-06-21T19:55:10.005309,14,36
2026-06-21 19:58:52,mediboard,인천광역시,0,0,A1300011,한국보훈복지의료공단대구보훈병원,1302,D,13,10,12,54293811,2,2,13,2026-06-21T19:55:10.005309,12,14
2026-06-21 19:58:52,mediboard,대구광역시,0,0,A1400008,(의)성세의료재단 뉴성민병원,1407,D,14,8,9,54293758,1,1,14,2026-06-21T19:55:10.005309,9,10
2026-06-21 19:58:52,mediboard,대구광역시,0,3,A1400015,가톨릭관동대학교국제성모병원,1407,C,14,3,23,54293868,1,5,14,2026-06-21T19:55:10.005309,4,31
2026-06-21 19:58:52,mediboard,대구광역시,2,4,A1400012,가톨릭대학교 인천성모병원,1406,C,14,0,19,54293982,7,8,14,2026-06-21T19:55:10.005309,9,31
2026-06-21 19:58:52,mediboard,대구광역시,0,0,A1400010,검단탑병원,1407,C,14,11,18,54293710,3,3,14,2026-06-21T19:55:10.005309,14,21
2026-06-21 19:58:52,mediboard,대구광역시,0,0,A1403617,비에스종합병원,1401,D,14,4,10,54293927,1,1,14,2026-06-21T19:55:10.005309,5,11
2026-06-21 19:58:52,mediboard,대구광역시,0,0,A1400013,안은의료재단 부평세림병원,1406,C,14,15,16,54293867,4,4,14,2026-06-21T19:55:10.005309,19,20
2026-06-21 19:58:52,mediboard,대구광역시,0,0,A1400005,온누리병원,1407,D,14,6,9,54293981,2,2,14,2026-06-21T19:55:10.005309,8,11
2026-06-21 19:58:52,mediboard,대구광역시,10,11,A1400001,의료법인 길의료재단 길병원,1404,A,14,2,25,54294034,4,7,14,2026-06-21T19:55:10.005309,14,41
2026-06-21 19:58:52,mediboard,대구광역시,0,0,A1400011,의료법인 나사렛의료재단 나사렛국제병원,1408,C,14,8,17,54293711,3,5,14,2026-06-21T19:55:10.005309,11,22
2026-06-21 19:58:52,mediboard,대구광역시,0,0,A1400003,의료법인 루가의료재단 나은병원,1407,C,14,10,11,54293757,10,10,14,2026-06-21T19:55:10.005309,20,21
2026-06-21 19:58:52,mediboard,대구광역시,0,0,A1400007,의료법인 성수의료재단 인천백병원,1405,D,14,5,5,54293866,1,1,14,2026-06-21T19:55:10.005309,6,6
2026-06-21 19:58:52,mediboard,대구광역시,0,0,A1400014,의료법인인성의료재단한림병원,1402,C,14,13,17,54293983,4,4,14,2026-06-21T19:55:10.005309,17,21
2026-06-21 19:58:52,mediboard,대구광역시,0,0,A1400017,인천광역시의료원,1405,D,14,13,15,54293760,2,2,14,2026-06-21T19:55:10.005309,15,17
2026-06-21 19:58:52,mediboard,대구광역시,0,0,A1400037,인천광역시의료원백령병원,1409,D,14,5,5,54293870,1,1,14,2026-06-21T19:55:10.005309,6,6
2026-06-21 19:58:52,mediboard,대구광역시,0,0,A1400009,인천기독병원,1410,D,14,7,8,54293759,1,1,14,2026-06-21T19:55:10.005309,8,9
2026-06-21 19:58:52,mediboard,대구광역시,0,0,A1400016,인천사랑병원,1403,C,14,12,14,54293925,7,7,14,2026-06-21T19:55:10.005309,19,21
2026-06-21 19:58:52,mediboard,대구광역시,0,0,A1403372,인천세종병원,1402,C,14,13,18,54293926,3,3,14,2026-06-21T19:55:10.005309,16,21
2026-06-21 19:58:52,mediboard,대구광역시,0,0,A1400018,인천적십자병원,1408,D,14,7,8,54293869,2,2,14,2026-06-21T19:55:10.005309,9,10
2026-06-21 19:58:52,mediboard,대구광역시,0,0,A1403871,인천힘찬종합병원,1404,D,14,12,17,54293984,3,6,14,2026-06-21T19:55:10.005309,15,23
2026-06-21 19:58:52,mediboard,대구광역시,6,9,A1400002,인하대학교의과대학부속병원,1410,A,14,3,20,54293813,8,9,14,2026-06-21T19:55:10.005309,15,36
2026-06-21 19:58:52,mediboard,대구광역시,0,0,A1400004,현대유비스병원,1403,D,14,10,18,54294035,1,1,14,2026-06-21T19:55:10.005309,11,19
2026-06-21 19:58:52,mediboard,광주광역시,3,7,A1500019,KS병원,1501,C,15,12,15,54293985,3,3,15,2026-06-21T19:55:10.005309,18,25
2026-06-21 19:58:52,mediboard,광주광역시,0,0,A1500021,광주기독병원,1502,C,15,7,20,54293986,3,6,15,2026-06-21T19:55:10.005309,10,26
2026-06-21 19:58:52,mediboard,광주광역시,0,0,A1500015,광주병원,1504,D,15,4,10,54293714,1,1,15,2026-06-21T19:55:10.005309,5,11
2026-06-21 19:58:52,mediboard,광주광역시,0,0,A1500004,광주보훈병원,1501,D,15,9,14,54293814,2,2,15,2026-06-21T19:55:10.005309,11,16
2026-06-21 19:58:52,mediboard,광주광역시,0,0,A1502007,광주센트럴병원,1501,D,15,7,10,54294039,1,1,15,2026-06-21T19:55:10.005309,8,11
2026-06-21 19:58:52,mediboard,광주광역시,0,0,A1500018,광주수완병원,1501,D,15,9,9,54293715,0,1,15,2026-06-21T19:55:10.005309,9,10
2026-06-21 19:58:52,mediboard,광주광역시,0,0,A1500009,광주씨티병원,1502,D,15,8,10,54293712,1,1,15,2026-06-21T19:55:10.005309,9,11
2026-06-21 19:58:52,mediboard,광주광역시,0,0,A1500005,광주일곡병원,1504,D,15,3,9,54294080,1,1,15,2026-06-21T19:55:10.005309,4,10
2026-06-21 19:58:52,mediboard,광주광역시,0,0,A1500016,광주한국병원,1505,D,15,12,15,54293930,1,1,15,2026-06-21T19:55:10.005309,13,16
2026-06-21 19:58:52,mediboard,광주광역시,0,0,A1500003,광주현대병원,1504,D,15,4,9,54293928,2,2,15,2026-06-21T19:55:10.005309,6,11
2026-06-21 19:58:52,mediboard,광주광역시,0,0,A1500007,광주희망병원,1504,D,15,5,9,54293761,1,1,15,2026-06-21T19:55:10.005309,6,10
2026-06-21 19:58:52,mediboard,광주광역시,0,0,A1500013,동아병원,1502,D,15,9,9,54293713,1,1,15,2026-06-21T19:55:10.005309,10,10
2026-06-21 19:58:52,mediboard,광주광역시,0,0,A1500014,미래로21병원,1505,D,15,2,9,54293929,1,1,15,2026-06-21T19:55:10.005309,3,10
2026-06-21 19:58:52,mediboard,광주광역시,0,0,A1500022,상무병원,1505,D,15,8,9,54294038,1,1,15,2026-06-21T19:55:10.005309,9,10
2026-06-21 19:58:52,mediboard,광주광역시,2,2,A1500020,서광병원,1505,C,15,14,18,54294083,3,3,15,2026-06-21T19:55:10.005309,19,23
2026-06-21 19:58:52,mediboard,광주광역시,0,0,A1500006,신가병원,1501,D,15,6,9,54294081,2,2,15,2026-06-21T19:55:10.005309,8,11
2026-06-21 19:58:52,mediboard,광주광역시,0,0,A1500010,운암한국병원,1504,D,15,2,9,54294037,1,1,15,2026-06-21T19:55:10.005309,3,10
2026-06-21 19:58:52,mediboard,광주광역시,3,4,A1500002,전남대학교병원,1503,A,15,19,28,54294036,5,7,15,2026-06-21T19:55:10.005309,27,39
2026-06-21 19:58:52,mediboard,광주광역시,4,4,A1500001,조선대학교병원,1503,A,15,10,23,54293871,5,5,15,2026-06-21T19:55:10.005309,19,32
2026-06-21 19:58:52,mediboard,광주광역시,0,0,A1500011,첨단종합병원,1501,C,15,12,22,54294082,3,3,15,2026-06-21T19:55:10.005309,15,25
2026-06-21 19:58:52,mediboard,광주광역시,0,0,A1500017,하남성심병원,1501,D,15,14,19,54293872,1,2,15,2026-06-21T19:55:10.005309,15,21
2026-06-21 19:58:52,mediboard,대전광역시,0,0,A1600004,대전보훈병원,1601,D,16,7,7,54293716,1,2,16,2026-06-21T19:55:10.005309,8,9
2026-06-21 19:58:52,mediboard,대전광역시,0,0,A1600003,대전한국병원,1602,D,16,8,9,54293873,1,1,16,2026-06-21T19:55:10.005309,9,10
2026-06-21 19:58:52,mediboard,대전광역시,0,0,A1602246,대청병원,1603,D,16,7,9,54293987,1,1,16,2026-06-21T19:55:10.005309,8,10
2026-06-21 19:58:52,mediboard,대전광역시,0,0,A1600008,의료법인영훈의료재단대전선병원,1605,C,16,12,17,54293874,4,9,16,2026-06-21T19:55:10.005309,16,26
2026-06-21 19:58:52,mediboard,대전광역시,0,0,A1600007,의료법인영훈의료재단유성선병원,1604,C,16,12,17,54293763,3,7,16,2026-06-21T19:55:10.005309,15,24
2026-06-21 19:58:52,mediboard,대전광역시,2,6,A1600001,충남대학교병원,1605,A,16,2,28,54293815,5,5,16,2026-06-21T19:55:10.005309,9,39
2026-06-21 19:58:52,mediboard,대전광역시,0,0,A1600005,학교법인가톨릭학원가톨릭대학교대전성모병원,1605,C,16,16,19,54294084,3,3,16,2026-06-21T19:55:10.005309,19,22
2026-06-21 19:58:52,mediboard,대전광역시,3,5,A1600006,학교법인건양교육재단건양대학교병원,1603,A,16,15,24,54293762,5,5,16,2026-06-21T19:55:10.005309,23,34
2026-06-21 19:58:52,mediboard,대전광역시,0,0,A1600002,학교법인을지학원대전을지대학교병원,1603,C,16,13,23,54294040,6,6,16,2026-06-21T19:55:10.005309,19,29
2026-06-21 19:58:52,mediboard,울산광역시,0,0,A1700001,서울산보람병원,1704,D,17,4,10,54293764,1,1,17,2026-06-21T19:55:10.005309,5,11
2026-06-21 19:58:52,mediboard,울산광역시,0,0,A1700003,울산병원,1701,C,17,14,19,54293931,3,3,17,2026-06-21T19:55:10.005309,17,22
2026-06-21 19:58:52,mediboard,울산광역시,0,0,A1700002,의료법인동강의료재단동강병원,1705,C,17,15,24,54293988,3,3,17,2026-06-21T19:55:10.005309,18,27
2026-06-21 19:58:52,mediboard,울산광역시,0,0,A1700025,의료법인송은의료재단울산시티병원,1703,C,17,11,17,54293932,3,3,17,2026-06-21T19:55:10.005309,14,20
2026-06-21 19:58:52,mediboard,울산광역시,0,0,A1700011,의료법인은성의료재단좋은삼정병원,1701,D,17,4,9,54293989,1,1,17,2026-06-21T19:55:10.005309,5,10
2026-06-21 19:58:52,mediboard,울산광역시,0,0,A1700028,의료법인정안의료재단중앙병원,1701,C,17,8,17,54293816,3,3,17,2026-06-21T19:55:10.005309,11,20
2026-06-21 19:58:52,mediboard,울산광역시,3,8,A1700004,학교법인울산공업학원울산대학교병원,1702,A,17,6,23,54293875,4,6,17,2026-06-21T19:55:10.005309,13,37
2026-06-21 19:58:52,mediboard,경기도,0,0,A2100019,(의)영문의료재단 다보스병원,2136,C,21,7,13,54293821,7,7,21,2026-06-21T19:55:10.005309,14,20
2026-06-21 19:58:52,mediboard,경기도,0,0,A2100122,(의)효심의료재단용인서울병원,2136,D,21,10,10,54294093,0,0,21,2026-06-21T19:55:10.005309,10,10
2026-06-21 19:58:52,mediboard,경기도,0,0,A2100052,가톨릭대학교부천성모병원,2113,C,21,9,31,54293724,6,6,21,2026-06-21T19:55:10.005309,15,37
2026-06-21 19:58:52,mediboard,경기도,7,8,A2100012,가톨릭대학교성빈센트병원,2122,C,21,1,28,54293876,5,6,21,2026-06-21T19:55:10.005309,11,40
2026-06-21 19:58:52,mediboard,경기도,10,11,A2100040,가톨릭대학교의정부성모병원,2138,A,21,11,44,54293770,6,6,21,2026-06-21T19:55:10.005309,27,61
2026-06-21 19:58:52,mediboard,경기도,0,0,A2100029,강남병원,2134,C,21,6,17,54293992,3,3,21,2026-06-21T19:55:10.005309,9,20
2026-06-21 19:58:52,mediboard,경기도,0,0,A2100193,경기도의료원 이천병원,2139,C,21,11,17,54293994,3,3,21,2026-06-21T19:55:10.005309,14,20
2026-06-21 19:58:52,mediboard,경기도,0,0,A2100032,경기도의료원수원병원,2121,D,21,7,8,54293935,5,5,21,2026-06-21T19:55:10.005309,12,13
2026-06-21 19:58:52,mediboard,경기도,0,0,A2100045,경기도의료원안성병원,2126,D,21,9,14,54293936,1,5,21,2026-06-21T19:55:10.005309,10,19
2026-06-21 19:58:52,mediboard,경기도,0,0,A2100043,경기도의료원의정부병원,2138,D,21,9,10,54294089,1,1,21,2026-06-21T19:55:10.005309,10,11
2026-06-21 19:58:52,mediboard,경기도,0,0,A2100035,경기도의료원파주병원,2140,C,21,11,17,54293722,3,3,21,2026-06-21T19:55:10.005309,14,20
2026-06-21 19:58:52,mediboard,경기도,0,0,A2100031,경기도의료원포천병원,2142,C,21,16,17,54293879,3,3,21,2026-06-21T19:55:10.005309,19,20
2026-06-21 19:58:52,mediboard,경기도,4,4,A2100003,고려대학교의과대학부속안산병원,2124,A,21,7,22,54293767,7,8,21,2026-06-21T19:55:10.005309,18,34
2026-06-21 19:58:52,mediboard,경기도,2,4,A2100007,광명성애병원,2106,C,21,-1,11,54294042,3,5,21,2026-06-21T19:55:10.005309,4,20
2026-06-21 19:58:52,mediboard,경기도,0,0,A2100258,국군수도병원,2116,D,21,11,16,54293995,0,2,21,2026-06-21T19:55:10.005309,11,18
2026-06-21 19:58:52,mediboard,경기도,0,0,A2100049,국립암센터,2103,D,21,16,24,54293881,1,1,21,2026-06-21T19:55:10.005309,17,25
2026-06-21 19:58:52,mediboard,경기도,2,5,A2100033,국민건강보험공단일산병원,2103,A,21,13,23,54294087,4,5,21,2026-06-21T19:55:10.005309,19,33
2026-06-21 19:58:52,mediboard,경기도,0,0,A2100014,근로복지공단안산병원,2125,D,21,6,7,54293818,1,1,21,2026-06-21T19:55:10.005309,7,8
2026-06-21 19:58:52,mediboard,경기도,0,0,A2100041,남양주한양병원,2111,C,21,16,17,54294088,3,3,21,2026-06-21T19:55:10.005309,19,20
2026-06-21 19:58:52,mediboard,경기도,0,0,A2100017,대아의료재단한도병원,2124,C,21,11,17,54293820,3,3,21,2026-06-21T19:55:10.005309,14,20
2026-06-21 19:58:52,mediboard,경기도,2,3,A2100025,대진의료재단분당제생병원,2116,C,21,10,24,54294044,3,3,21,2026-06-21T19:55:10.005309,15,30
2026-06-21 19:58:52,mediboard,경기도,3,3,A2100047,동국대학교일산불교병원,2103,C,21,10,19,54293880,7,7,21,2026-06-21T19:55:10.005309,20,29
2026-06-21 19:58:52,mediboard,경기도,0,0,A2100131,메디인병원,2140,D,21,9,12,54294046,2,2,21,2026-06-21T19:55:10.005309,11,14
2026-06-21 19:58:52,mediboard,경기도,0,0,A2121142,메디필드한강병원,2136,D,21,14,17,54294051,3,3,21,2026-06-21T19:55:10.005309,17,20
2026-06-21 19:58:52,mediboard,경기도,0,0,A2100055,부천세종병원,2113,C,21,9,17,54293826,3,3,21,2026-06-21T19:55:10.005309,12,20
2026-06-21 19:58:52,mediboard,경기도,-1,5,A2100001,분당서울대학교병원,2116,A,21,-22,30,54293766,4,5,21,2026-06-21T19:55:10.005309,-19,40
2026-06-21 19:58:52,mediboard,경기도,6,6,A2116806,성남시의료원,2117,C,21,10,17,54294050,6,6,21,2026-06-21T19:55:10.005309,22,29
2026-06-21 19:58:52,mediboard,경기도,0,0,A2100011,성남중앙병원,2118,D,21,8,9,54293719,0,1,21,2026-06-21T19:55:10.005309,8,10
2026-06-21 19:58:52,mediboard,경기도,0,0,A2100194,세종여주병원,2131,D,21,3,6,54293725,7,7,21,2026-06-21T19:55:10.005309,10,13
2026-06-21 19:58:52,mediboard,경기도,0,0,A2100016,순천의료재단성남정병원,2117,D,21,6,9,54293768,2,2,21,2026-06-21T19:55:10.005309,8,11
2026-06-21 19:58:52,mediboard,경기도,5,5,A2100005,순천향대학교부속부천병원,2113,A,21,3,17,54293718,3,5,21,2026-06-21T19:55:10.005309,11,27
2026-06-21 19:58:52,mediboard,경기도,5,14,A2100002,아주대학교병원,2120,A,21,5,32,54293817,7,13,21,2026-06-21T19:55:10.005309,16,54
2026-06-21 19:58:52,mediboard,경기도,0,0,A2100305,안성성모병원,2126,D,21,5,9,54294049,1,1,21,2026-06-21T19:55:10.005309,6,10
2026-06-21 19:58:52,mediboard,경기도,0,0,A2100089,양평병원,2130,D,21,4,9,54293938,1,1,21,2026-06-21T19:55:10.005309,5,10
2026-06-21 19:58:52,mediboard,경기도,0,0,A2118188,엘병원,2111,D,21,7,8,54293940,1,2,21,2026-06-21T19:55:10.005309,8,10
2026-06-21 19:58:52,mediboard,경기도,6,6,A2100020,연세대학교의과대학용인세브란스병원,2134,C,21,7,16,54294085,4,4,21,2026-06-21T19:55:10.005309,17,26
2026-06-21 19:58:52,mediboard,경기도,0,0,E2100187,연천군보건의료원,2132,D,21,9,10,54293744,0,0,21,2026-06-21T19:55:10.005309,9,10
2026-06-21 19:58:52,mediboard,경기도,0,0,A2100024,오산한국병원,2133,C,21,9,17,54294086,3,3,21,2026-06-21T19:55:10.005309,12,20
2026-06-21 19:58:52,mediboard,경기도,0,0,A2100048,원광대학교산본병원,2109,C,21,16,17,54293825,3,3,21,2026-06-21T19:55:10.005309,19,20
2026-06-21 19:58:52,mediboard,경기도,4,5,A2100008,의료법인 남촌의료재단 시화병원,2123,C,21,8,16,54293933,4,6,21,2026-06-21T19:55:10.005309,16,27
2026-06-21 19:58:52,mediboard,경기도,0,0,A2100013,의료법인 록향의료재단 신천연합병원,2123,D,21,7,10,54294043,1,1,21,2026-06-21T19:55:10.005309,8,11
2026-06-21 19:58:52,mediboard,경기도,0,0,A2100036,의료법인 일심의료재단 포천우리병원,2142,D,21,16,18,54293824,4,4,21,2026-06-21T19:55:10.005309,20,22
2026-06-21 19:58:52,mediboard,경기도,0,0,A2100309,의료법인갈렌의료재단박병원,2141,D,21,9,10,54293883,1,1,21,2026-06-21T19:55:10.005309,10,11
2026-06-21 19:58:52,mediboard,경기도,0,0,A2100009,의료법인녹산의료재단동수원병원,2122,C,21,14,17,54293934,3,3,21,2026-06-21T19:55:10.005309,17,20
2026-06-21 19:58:52,mediboard,경기도,0,0,A2100050,의료법인대인의료재단다니엘종합병원,2113,D,21,3,6,54294091,4,4,21,2026-06-21T19:55:10.005309,7,10
2026-06-21 19:58:52,mediboard,경기도,3,3,A2121061,의료법인덕산의료재단수원덕산병원,2119,D,21,14,24,54294094,3,3,21,2026-06-21T19:55:10.005309,20,30
2026-06-21 19:58:52,mediboard,경기도,0,0,A2117135,의료법인명인의료재단화홍병원,2119,C,21,-1,15,54293828,5,5,21,2026-06-21T19:55:10.005309,4,20
2026-06-21 19:58:52,mediboard,경기도,2,3,A2100042,의료법인명지의료재단명지병원,2102,A,21,9,15,54294045,8,11,21,2026-06-21T19:55:10.005309,17,26
2026-06-21 19:58:52,mediboard,경기도,0,0,A2100022,의료법인박애의료재단박애병원,2141,D,21,10,10,54293822,1,1,21,2026-06-21T19:55:10.005309,11,11
2026-06-21 19:58:52,mediboard,경기도,0,0,A2100028,의료법인백송의료재단굿모닝병원,2141,C,21,-1,19,54293823,8,9,21,2026-06-21T19:55:10.005309,7,28
2026-06-21 19:58:52,mediboard,경기도,0,0,A2100027,의료법인석경의료재단센트럴병원,2123,D,21,15,18,54293878,2,3,21,2026-06-21T19:55:10.005309,17,21
2026-06-21 19:58:52,mediboard,경기도,0,0,A2116972,의료법인성광의료재단일산차병원,2103,D,21,3,6,54293827,1,4,21,2026-06-21T19:55:10.005309,4,10
2026-06-21 19:58:52,mediboard,경기도,0,0,A2113246,의료법인양진의료재단평택성모병원,2141,C,21,15,17,54293884,3,3,21,2026-06-21T19:55:10.005309,18,20
2026-06-21 19:58:52,mediboard,경기도,0,0,A2100034,의료법인영동의료재단의정부백병원,2138,D,21,10,10,54293721,2,2,21,2026-06-21T19:55:10.005309,12,12
2026-06-21 19:58:52,mediboard,경기도,0,0,A2100053,의료법인우리의료재단김포우리병원,2110,C,21,4,22,54293937,7,7,21,2026-06-21T19:55:10.005309,11,29
2026-06-21 19:58:52,mediboard,경기도,0,0,A2115699,의료법인원광의료재단원광종합병원,2146,D,21,7,9,54293772,1,1,21,2026-06-21T19:55:10.005309,8,10
2026-06-21 19:58:52,mediboard,경기도,0,0,A2100018,의료법인은혜와감사의료재단화성중앙종합병원,2144,D,21,6,9,54293991,1,1,21,2026-06-21T19:55:10.005309,7,10
2026-06-21 19:58:52,mediboard,경기도,0,0,A2100006,의료법인인봉의료재단뉴고려병원,2110,C,21,10,14,54294041,5,6,21,2026-06-21T19:55:10.005309,15,20
2026-06-21 19:58:52,mediboard,경기도,0,0,A2100290,의료법인자인의료재단(더자인병원),2102,D,21,11,16,54293882,4,4,21,2026-06-21T19:55:10.005309,15,20
2026-06-21 19:58:52,mediboard,경기도,0,0,A2100124,의료법인칠석의료재단사랑의병원,2125,D,21,6,13,54293771,1,1,21,2026-06-21T19:55:10.005309,7,14
2026-06-21 19:58:52,mediboard,경기도,0,0,A2100175,의료법인토마스의료재단윌스기념병원,2122,D,21,12,18,54294048,3,3,21,2026-06-21T19:55:10.005309,15,21
2026-06-21 19:58:52,mediboard,경기도,0,0,A2100021,의료법인플러스의료재단단원병원,2124,D,21,11,17,54293877,3,3,21,2026-06-21T19:55:10.005309,14,20
2026-06-21 19:58:52,mediboard,경기도,4,4,A2100038,인제대학교일산백병원,2104,C,21,13,30,54293993,5,6,21,2026-06-21T19:55:10.005309,22,40
2026-06-21 19:58:52,mediboard,경기도,0,0,A2118788,중앙대학교광명병원,2106,C,21,14,21,54293726,3,3,21,2026-06-21T19:55:10.005309,17,24
2026-06-21 19:58:52,mediboard,경기도,9,13,A2100030,차의과학대학교분당차병원,2116,A,21,6,22,54293720,7,7,21,2026-06-21T19:55:10.005309,20,40
2026-06-21 19:58:52,mediboard,경기도,1,1,A2100155,참조은병원,2107,C,21,-1,9,54294047,10,10,21,2026-06-21T19:55:10.005309,10,20
2026-06-21 19:58:52,mediboard,경기도,0,0,A2100150,추병원,2138,D,21,10,12,54293939,2,2,21,2026-06-21T19:55:10.005309,12,14
2026-06-21 19:58:52,mediboard,경기도,6,6,A2117994,학교법인을지학원의정부을지대학교병원,2138,C,21,25,30,54293829,9,11,21,2026-06-21T19:55:10.005309,40,47
2026-06-21 19:58:52,mediboard,경기도,9,9,A2100046,한림대학교동탄성심병원,2147,C,21,14,32,54294090,3,3,21,2026-06-21T19:55:10.005309,26,44
2026-06-21 19:58:52,mediboard,경기도,1,3,A2100004,한림대학교성심병원,2127,A,21,6,25,54293717,10,11,21,2026-06-21T19:55:10.005309,17,39
2026-06-21 19:58:52,mediboard,경기도,0,0,A2100039,한양대학교구리병원,2108,C,21,4,18,54293769,5,5,21,2026-06-21T19:55:10.005309,9,23
2026-06-21 19:58:52,mediboard,경기도,0,0,A2100037,현대병원,2111,C,21,12,17,54293723,3,3,21,2026-06-21T19:55:10.005309,15,20
2026-06-21 19:58:52,mediboard,경기도,0,0,A2100015,효산의료재단 안양샘병원,2128,C,21,5,17,54293819,3,3,21,2026-06-21T19:55:10.005309,8,20
2026-06-21 19:58:52,mediboard,경기도,0,0,A2100054,효산의료재단지샘병원,2109,C,21,13,18,54294092,4,4,21,2026-06-21T19:55:10.005309,17,22
2026-06-21 19:58:52,mediboard,강원특별자치도,3,3,A2200008,강릉아산병원,2201,A,22,9,23,54293941,5,5,22,2026-06-21T19:55:10.005309,17,31
2026-06-21 19:58:52,mediboard,강원특별자치도,3,3,A2200009,강원대학교병원,2213,C,22,12,21,54294095,5,5,22,2026-06-21T19:55:10.005309,20,29
2026-06-21 19:58:52,mediboard,강원특별자치도,0,0,A2200011,강원특별자치도강릉의료원,2201,D,22,4,5,54293886,1,1,22,2026-06-21T19:55:10.005309,5,6
2026-06-21 19:58:52,mediboard,강원특별자치도,1,1,A2200007,강원특별자치도삼척의료원,2204,C,22,15,16,54293727,3,5,22,2026-06-21T19:55:10.005309,19,22
2026-06-21 19:58:52,mediboard,강원특별자치도,0,0,A2200012,강원특별자치도속초의료원,2205,C,22,15,17,54294096,3,3,22,2026-06-21T19:55:10.005309,18,20
2026-06-21 19:58:52,mediboard,강원특별자치도,0,0,A2200002,강원특별자치도영월의료원,2208,D,22,9,9,54293773,1,1,22,2026-06-21T19:55:10.005309,10,10
2026-06-21 19:58:52,mediboard,강원특별자치도,0,0,A2200015,강원특별자치도원주의료원,2209,D,22,16,20,54293888,2,2,22,2026-06-21T19:55:10.005309,18,22
2026-06-21 19:58:52,mediboard,강원특별자치도,0,0,A2200048,근로복지공단정선병원,2211,D,22,5,5,54293831,1,1,22,2026-06-21T19:55:10.005309,6,6
2026-06-21 19:58:52,mediboard,강원특별자치도,0,0,A2200004,근로복지공단태백병원,2214,D,22,9,9,54293830,1,1,22,2026-06-21T19:55:10.005309,10,10
2026-06-21 19:58:52,mediboard,강원특별자치도,3,3,A2200001,연세대학교원주세브란스기독병원,2209,A,22,20,31,54293885,36,45,22,2026-06-21T19:55:10.005309,59,79
2026-06-21 19:58:52,mediboard,강원특별자치도,0,0,A2200005,의료법인강릉동인병원,2201,C,22,11,17,54293997,3,3,22,2026-06-21T19:55:10.005309,14,20
2026-06-21 19:58:52,mediboard,강원특별자치도,0,0,A2200003,의료법인동해동인병원,2203,D,22,7,10,54293996,1,1,22,2026-06-21T19:55:10.005309,8,11
2026-06-21 19:58:52,mediboard,강원특별자치도,0,0,A2200037,의료법인성심의료재단양구성심병원,2206,D,22,1,5,54294097,1,1,22,2026-06-21T19:55:10.005309,2,6
2026-06-21 19:58:52,mediboard,강원특별자치도,0,0,A2200024,의료법인성지의료재단성지병원,2209,D,22,0,7,54293943,1,1,22,2026-06-21T19:55:10.005309,1,8
2026-06-21 19:58:52,mediboard,강원특별자치도,0,0,A2200046,의료법인온세움의료재단온재병원,2205,D,22,8,9,54294098,1,1,22,2026-06-21T19:55:10.005309,9,10
2026-06-21 19:58:52,mediboard,강원특별자치도,0,0,A2201730,철원병원,2212,D,22,2,5,54293774,1,1,22,2026-06-21T19:55:10.005309,3,6
2026-06-21 19:58:52,mediboard,강원특별자치도,0,0,E2200026,평창군보건의료원,2215,D,22,6,6,54293852,1,1,22,2026-06-21T19:55:10.005309,7,7
2026-06-21 19:58:52,mediboard,강원특별자치도,1,3,A2200013,한림대학교춘천성심병원,2213,A,22,1,22,54293728,5,5,22,2026-06-21T19:55:10.005309,7,30
2026-06-21 19:58:52,mediboard,강원특별자치도,0,0,A2200014,홍천아산병원,2216,D,22,7,10,54293887,0,0,22,2026-06-21T19:55:10.005309,7,10
2026-06-21 19:58:52,mediboard,강원특별자치도,0,0,E2200025,화천군보건의료원,2217,D,22,7,7,54293967,1,1,22,2026-06-21T19:55:10.005309,8,8
2026-06-21 19:58:52,mediboard,강원특별자치도,0,0,A2200016,횡성대성병원,2218,D,22,4,9,54293942,1,1,22,2026-06-21T19:55:10.005309,5,10
2026-06-21 19:58:52,mediboard,충청북도,0,0,A2300010,건국대학교충주병원,2314,C,23,15,20,54294099,3,3,23,2026-06-21T19:55:10.005309,18,23
2026-06-21 19:58:52,mediboard,충청북도,0,0,E2300011,단양군보건의료원,2302,D,23,5,6,54293798,1,2,23,2026-06-21T19:55:10.005309,6,8
2026-06-21 19:58:52,mediboard,충청북도,0,0,A2300013,의료법인 건명의료재단 중앙제일병원,2309,C,23,12,17,54293998,3,5,23,2026-06-21T19:55:10.005309,15,22
2026-06-21 19:58:52,mediboard,충청북도,0,0,A2300034,의료법인대광의료재단괴산성모병원,2301,D,23,9,9,54293891,0,1,23,2026-06-21T19:55:10.005309,9,10
2026-06-21 19:58:52,mediboard,충청북도,2,3,A2300009,의료법인명지의료재단명지병원,2307,C,23,15,18,54293890,6,6,23,2026-06-21T19:55:10.005309,23,27
2026-06-21 19:58:52,mediboard,충청북도,0,0,A2300007,의료법인인화재단한국병원,2310,C,23,8,14,54293889,6,6,23,2026-06-21T19:55:10.005309,14,20
2026-06-21 19:58:52,mediboard,충청북도,0,0,A2300005,의료법인자산의료재단제천서울병원,2307,C,23,13,15,54293777,5,5,23,2026-06-21T19:55:10.005309,18,20
2026-06-21 19:58:52,mediboard,충청북도,0,0,A2300003,의료법인정산의료재단효성병원,2310,C,23,14,18,54293776,5,5,23,2026-06-21T19:55:10.005309,19,23
2026-06-21 19:58:52,mediboard,충청북도,0,0,A2300030,의료법인조윤의료재단영동병원,2304,D,23,9,10,54293999,0,0,23,2026-06-21T19:55:10.005309,9,10
2026-06-21 19:58:52,mediboard,충청북도,0,0,A2300002,의료법인한마음의료재단하나병원,2313,C,23,20,23,54293729,2,12,23,2026-06-21T19:55:10.005309,22,35
2026-06-21 19:58:52,mediboard,충청북도,0,0,A2300011,의료법인힐링의료재단옥천성모병원,2305,D,23,6,7,54294052,3,3,23,2026-06-21T19:55:10.005309,9,10
2026-06-21 19:58:52,mediboard,충청북도,0,0,A2300008,청주성모병원,2312,C,23,4,15,54293730,6,10,23,2026-06-21T19:55:10.005309,10,25
2026-06-21 19:58:52,mediboard,충청북도,7,8,A2300001,충북대학교병원,2311,A,23,21,32,54293775,5,5,23,2026-06-21T19:55:10.005309,33,45
2026-06-21 19:58:52,mediboard,충청북도,0,0,A2300006,충청북도청주의료원,2311,D,23,10,12,54293833,4,4,23,2026-06-21T19:55:10.005309,14,16
2026-06-21 19:58:52,mediboard,충청북도,0,0,A2300004,충청북도충주의료원,2314,D,23,16,18,54293832,3,3,23,2026-06-21T19:55:10.005309,19,21
2026-06-21 19:58:52,mediboard,충청남도,3,4,A2400002,단국대학교의과대학부속병원,2412,A,24,10,27,54293779,5,5,24,2026-06-21T19:55:10.005309,18,36
2026-06-21 19:58:52,mediboard,충청남도,0,0,A2400008,당진종합병원,2405,C,24,8,17,54293780,3,3,24,2026-06-21T19:55:10.005309,11,20
2026-06-21 19:58:52,mediboard,충청남도,0,4,A2400003,서산중앙병원,2408,C,24,10,17,54293731,3,3,24,2026-06-21T19:55:10.005309,13,24
2026-06-21 19:58:52,mediboard,충청남도,0,0,A2402257,아산충무병원,2410,C,24,7,13,54294100,8,8,24,2026-06-21T19:55:10.005309,15,21
2026-06-21 19:58:52,mediboard,충청남도,0,0,A2400044,의료법인 서해병원,2409,D,24,5,5,54293781,2,2,24,2026-06-21T19:55:10.005309,7,7
2026-06-21 19:58:52,mediboard,충청남도,0,0,A2400009,의료법인백제병원,2404,C,24,17,20,54293733,3,3,24,2026-06-21T19:55:10.005309,20,23
2026-06-21 19:58:52,mediboard,충청남도,0,0,A2400012,의료법인영서의료재단천안충무병원,2413,C,24,11,16,54293892,5,5,24,2026-06-21T19:55:10.005309,16,21
2026-06-21 19:58:52,mediboard,충청남도,0,0,A2400004,의료법인예당의료재단예산종합병원,2411,D,24,5,6,54294053,1,1,24,2026-06-21T19:55:10.005309,6,7
2026-06-21 19:58:52,mediboard,충청남도,0,0,A2400011,재단법인아산사회복지재단보령아산병원,2406,C,24,13,17,54293834,3,3,24,2026-06-21T19:55:10.005309,16,20
2026-06-21 19:58:52,mediboard,충청남도,0,0,E2400032,청양군보건의료원,2414,D,24,6,6,54293909,1,1,24,2026-06-21T19:55:10.005309,7,7
2026-06-21 19:58:52,mediboard,충청남도,0,0,A2400010,충청남도공주의료원,2402,D,24,13,15,54293734,1,1,24,2026-06-21T19:55:10.005309,14,16
2026-06-21 19:58:52,mediboard,충청남도,0,0,A2400006,충청남도서산의료원,2408,C,24,3,17,54293732,3,3,24,2026-06-21T19:55:10.005309,6,20
2026-06-21 19:58:52,mediboard,충청남도,0,0,A2400005,충청남도천안의료원,2412,D,24,10,12,54294000,1,2,24,2026-06-21T19:55:10.005309,11,14
2026-06-21 19:58:52,mediboard,충청남도,1,1,A2400007,충청남도홍성의료원,2416,C,24,14,18,54294054,3,3,24,2026-06-21T19:55:10.005309,18,22
2026-06-21 19:58:52,mediboard,충청남도,0,0,E2400033,태안군보건의료원,2415,D,24,7,10,54293745,1,1,24,2026-06-21T19:55:10.005309,8,11
2026-06-21 19:58:52,mediboard,충청남도,0,0,A2400038,학교법인건양교육재단건양대학교부여병원,2407,D,24,8,9,54293893,1,1,24,2026-06-21T19:55:10.005309,9,10
2026-06-21 19:58:52,mediboard,충청남도,10,18,A2400001,학교법인동은학원순천향대학교부속천안병원,2412,A,24,10,22,54293778,10,11,24,2026-06-21T19:55:10.005309,26,47
2026-06-21 19:58:52,mediboard,충청남도,0,0,A2400039,현대병원,2410,D,24,9,10,54294001,1,1,24,2026-06-21T19:55:10.005309,10,11
2026-06-21 19:58:52,mediboard,전북특별자치도,0,0,A2500038,김제우석병원,2503,D,25,7,10,54293735,1,1,25,2026-06-21T19:55:10.005309,8,11
2026-06-21 19:58:52,mediboard,전북특별자치도,0,0,A2500056,대자인병원,2512,C,25,18,33,54293895,3,3,25,2026-06-21T19:55:10.005309,21,36
2026-06-21 19:58:52,mediboard,전북특별자치도,0,0,E2500019,무주군보건의료원,2505,D,25,3,4,54294069,1,1,25,2026-06-21T19:55:10.005309,4,5
2026-06-21 19:58:52,mediboard,전북특별자치도,0,0,A2500010,부안성모병원,2506,D,25,8,10,54294003,2,2,25,2026-06-21T19:55:10.005309,10,12
2026-06-21 19:58:52,mediboard,전북특별자치도,3,3,A2502742,새강병원,2513,D,25,14,14,54294103,3,3,25,2026-06-21T19:55:10.005309,20,20
2026-06-21 19:58:52,mediboard,전북특별자치도,0,0,E2500021,순창군보건의료원,2507,D,25,9,9,54293799,1,1,25,2026-06-21T19:55:10.005309,10,10
2026-06-21 19:58:52,mediboard,전북특별자치도,3,3,A2500001,원광대학교병원,2509,A,25,11,28,54294101,5,5,25,2026-06-21T19:55:10.005309,19,36
2026-06-21 19:58:52,mediboard,전북특별자치도,0,0,A2500011,의료법인대산의료재단익산병원,2509,C,25,16,17,54293894,3,3,25,2026-06-21T19:55:10.005309,19,20
2026-06-21 19:58:52,mediboard,전북특별자치도,0,0,A2500009,의료법인석천재단고창병원,2501,D,25,8,10,54294055,1,1,25,2026-06-21T19:55:10.005309,9,11
2026-06-21 19:58:52,mediboard,전북특별자치도,0,0,A2500005,의료법인영경의료재단전주병원,2513,C,25,5,17,54293945,3,3,25,2026-06-21T19:55:10.005309,8,20
2026-06-21 19:58:52,mediboard,전북특별자치도,0,0,A2501890,의료법인영경의료재단호성전주병원,2512,D,25,2,9,54293835,1,1,25,2026-06-21T19:55:10.005309,3,10
2026-06-21 19:58:52,mediboard,전북특별자치도,0,0,A2500012,의료법인오성의료재단동군산병원,2502,C,25,6,17,54294102,6,6,25,2026-06-21T19:55:10.005309,12,23
2026-06-21 19:58:52,mediboard,전북특별자치도,0,0,E2500022,임실군보건의료원,2510,D,25,4,4,54294070,1,1,25,2026-06-21T19:55:10.005309,5,5
2026-06-21 19:58:52,mediboard,전북특별자치도,0,0,E2500020,장수군보건의료원,2511,D,25,5,5,54293910,1,1,25,2026-06-21T19:55:10.005309,6,6
2026-06-21 19:58:52,mediboard,전북특별자치도,0,0,A2500008,재단법인 아산사회복지재단 정읍아산병원,2514,C,25,15,17,54293783,3,3,25,2026-06-21T19:55:10.005309,18,20
2026-06-21 19:58:52,mediboard,전북특별자치도,8,12,A2500006,재단법인예수병원유지재단예수병원,2513,C,25,20,38,54293782,3,5,25,2026-06-21T19:55:10.005309,30,53
2026-06-21 19:58:52,mediboard,전북특별자치도,4,5,A2500002,전북대학교병원,2512,A,25,23,36,54294002,7,7,25,2026-06-21T19:55:10.005309,34,48
2026-06-21 19:58:52,mediboard,전북특별자치도,0,0,A2500007,전북특별자치도군산의료원,2502,C,25,10,17,54293946,3,3,25,2026-06-21T19:55:10.005309,13,20
2026-06-21 19:58:52,mediboard,전북특별자치도,0,0,A2500004,전북특별자치도남원의료원,2504,C,25,11,17,54293944,3,3,25,2026-06-21T19:55:10.005309,14,20
2026-06-21 19:58:52,mediboard,전북특별자치도,0,0,A2502031,진안군의료원,2515,D,25,6,6,54294004,2,2,25,2026-06-21T19:55:10.005309,8,8
2026-06-21 19:58:52,mediboard,전라남도,0,0,A2600029,곡성사랑병원,2603,D,26,5,5,54294006,1,1,26,2026-06-21T19:55:10.005309,6,6
2026-06-21 19:58:52,mediboard,전라남도,0,0,A2600006,광양사랑병원,2604,D,26,4,9,54293737,1,1,26,2026-06-21T19:55:10.005309,5,10
2026-06-21 19:58:52,mediboard,전라남도,0,0,A2600061,구례병원,2605,D,26,9,10,54294058,0,0,26,2026-06-21T19:55:10.005309,9,10
2026-06-21 19:58:52,mediboard,전라남도,0,0,A2600016,나주종합병원,2606,D,26,10,10,54293948,0,0,26,2026-06-21T19:55:10.005309,10,10
2026-06-21 19:58:52,mediboard,전라남도,0,0,A2600054,담양사랑병원,2607,D,26,4,6,54293952,2,2,26,2026-06-21T19:55:10.005309,6,8
2026-06-21 19:58:52,mediboard,전라남도,0,0,A2600003,대송의료재단무안병원,2609,D,26,2,4,54294056,1,1,26,2026-06-21T19:55:10.005309,3,5
2026-06-21 19:58:52,mediboard,전라남도,0,0,A2600020,목포기독병원,2608,D,26,1,17,54293785,3,3,26,2026-06-21T19:55:10.005309,4,20
2026-06-21 19:58:52,mediboard,전라남도,0,0,A2600022,목포시의료원,2608,D,26,6,9,54294107,1,1,26,2026-06-21T19:55:10.005309,7,10
2026-06-21 19:58:52,mediboard,전라남도,2,3,A2600011,목포한국병원,2608,A,26,10,18,54293896,5,5,26,2026-06-21T19:55:10.005309,17,26
2026-06-21 19:58:52,mediboard,전라남도,0,0,A2600052,보성아산병원,2610,D,26,8,8,54294111,1,1,26,2026-06-21T19:55:10.005309,9,9
2026-06-21 19:58:52,mediboard,전라남도,0,0,A2602211,빛가람종합병원,2606,D,26,4,9,54293839,1,1,26,2026-06-21T19:55:10.005309,5,10
2026-06-21 19:58:52,mediboard,전라남도,0,4,A2600019,성가롤로병원,2611,A,26,0,18,54293949,0,5,26,2026-06-21T19:55:10.005309,0,27
2026-06-21 19:58:52,mediboard,전라남도,0,0,A2600008,순천제일병원,2611,D,26,4,9,54294005,1,1,26,2026-06-21T19:55:10.005309,5,10
2026-06-21 19:58:52,mediboard,전라남도,0,0,A2600004,순천중앙병원,2611,D,26,4,5,54293947,1,1,26,2026-06-21T19:55:10.005309,5,6
2026-06-21 19:58:52,mediboard,전라남도,0,0,A2600010,여수전남병원,2613,D,26,8,10,54294105,1,1,26,2026-06-21T19:55:10.005309,9,11
2026-06-21 19:58:52,mediboard,전라남도,0,0,A2600014,여천전남병원,2613,C,26,13,17,54293784,3,3,26,2026-06-21T19:55:10.005309,16,20
2026-06-21 19:58:52,mediboard,전라남도,0,0,A2600015,영광종합병원,2614,D,26,7,10,54294057,3,3,26,2026-06-21T19:55:10.005309,10,13
2026-06-21 19:58:52,mediboard,전라남도,0,0,A2600070,영암한국병원,2615,D,26,7,8,54294059,0,1,26,2026-06-21T19:55:10.005309,7,9
2026-06-21 19:58:52,mediboard,전라남도,0,0,A2600032,완도대성병원,2616,D,26,3,5,54293898,1,1,26,2026-06-21T19:55:10.005309,4,6
2026-06-21 19:58:52,mediboard,전라남도,0,0,A2600034,의료법인 거명의료재단 영광기독병원,2614,D,26,9,10,54293951,1,1,26,2026-06-21T19:55:10.005309,10,11
2026-06-21 19:58:52,mediboard,전라남도,0,0,A2600017,의료법인목포구암의료재단목포중앙병원,2608,C,26,-9,16,54293837,4,4,26,2026-06-21T19:55:10.005309,-5,20
2026-06-21 19:58:52,mediboard,전라남도,0,0,A2600066,의료법인삼호의료재단벌교삼호병원,2610,D,26,6,6,54293787,1,1,26,2026-06-21T19:55:10.005309,7,7
2026-06-21 19:58:52,mediboard,전라남도,0,0,A2600051,의료법인신안대우병원,2612,D,26,3,4,54294110,1,1,26,2026-06-21T19:55:10.005309,4,5
2026-06-21 19:58:52,mediboard,전라남도,0,0,A2600018,의료법인영성의료재단고흥종합병원,2602,D,26,8,10,54293897,0,0,26,2026-06-21T19:55:10.005309,8,10
2026-06-21 19:58:52,mediboard,전라남도,0,0,A2600021,의료법인우범의료재단장흥종합병원,2618,D,26,7,9,54294106,1,1,26,2026-06-21T19:55:10.005309,8,10
2026-06-21 19:58:52,mediboard,전라남도,0,0,A2600068,의료법인장호의료재단녹동현대병원,2602,D,26,1,3,54293953,2,2,26,2026-06-21T19:55:10.005309,3,5
2026-06-21 19:58:52,mediboard,전라남도,0,0,A2600005,의료법인한국의료재단한국병원,2611,D,26,10,11,54293736,1,1,26,2026-06-21T19:55:10.005309,11,12
2026-06-21 19:58:52,mediboard,전라남도,0,0,A2600027,의료법인한마음의료재단여수제일병원,2613,D,26,6,9,54293950,1,1,26,2026-06-21T19:55:10.005309,7,10
2026-06-21 19:58:52,mediboard,전라남도,0,0,A2600007,의료법인해민의료재단 세안종합병원,2608,D,26,7,7,54293738,2,2,26,2026-06-21T19:55:10.005309,9,9
2026-06-21 19:58:52,mediboard,전라남도,0,0,A2600035,의료법인행복나눔의료재단장성병원,2617,D,26,2,4,54293838,1,1,26,2026-06-21T19:55:10.005309,3,5
2026-06-21 19:58:52,mediboard,전라남도,0,0,A2600009,의료법인행촌의료재단해남종합병원,2621,D,26,7,10,54294104,1,1,26,2026-06-21T19:55:10.005309,8,11
2026-06-21 19:58:52,mediboard,전라남도,0,0,A2600024,의료법인현경의료재단광양서울병원,2604,D,26,9,9,54294108,1,1,26,2026-06-21T19:55:10.005309,10,10
2026-06-21 19:58:52,mediboard,전라남도,0,0,A2600037,장흥우리병원,2618,D,26,4,4,54293786,1,1,26,2026-06-21T19:55:10.005309,5,5
2026-06-21 19:58:52,mediboard,전라남도,0,0,A2600050,전라남도강진의료원,2601,D,26,8,9,54294007,1,1,26,2026-06-21T19:55:10.005309,9,10
2026-06-21 19:58:52,mediboard,전라남도,0,0,A2600056,전라남도순천의료원,2611,D,26,1,6,54294112,2,2,26,2026-06-21T19:55:10.005309,3,8
2026-06-21 19:58:52,mediboard,전라남도,0,0,A2600040,진도한국병원,2619,D,26,4,4,54294109,1,1,26,2026-06-21T19:55:10.005309,5,5
2026-06-21 19:58:52,mediboard,전라남도,0,0,A2600077,해남우리종합병원,2621,D,26,12,15,54293788,4,4,26,2026-06-21T19:55:10.005309,16,19
2026-06-21 19:58:52,mediboard,전라남도,1,1,A2600001,화순전남대학교병원,2622,C,26,14,16,54293836,7,7,26,2026-06-21T19:55:10.005309,22,24
2026-06-21 19:58:52,mediboard,경상북도,0,0,A2700018,경상북도김천의료원,2706,D,27,11,17,54293959,1,1,27,2026-06-21T19:55:10.005309,12,18
2026-06-21 19:58:52,mediboard,경상북도,0,0,A2700001,경상북도안동의료원,2711,D,27,6,6,54293739,2,2,27,2026-06-21T19:55:10.005309,8,8
2026-06-21 19:58:52,mediboard,경상북도,0,0,A2700005,경상북도포항의료원,2724,D,27,8,8,54293954,2,2,27,2026-06-21T19:55:10.005309,10,10
2026-06-21 19:58:52,mediboard,경상북도,0,0,A2700097,계명대학교경주동산병원,2702,D,27,8,9,54294008,1,1,27,2026-06-21T19:55:10.005309,9,10
2026-06-21 19:58:52,mediboard,경상북도,0,0,A2700015,구미강동병원,2704,D,27,6,7,54293958,3,3,27,2026-06-21T19:55:10.005309,9,10
2026-06-21 19:58:52,mediboard,경상북도,1,3,A2700003,동국대학교의과대학경주병원,2702,C,27,10,16,54294060,7,7,27,2026-06-21T19:55:10.005309,18,26
2026-06-21 19:58:52,mediboard,경상북도,0,0,A2700011,상주적십자병원,2709,D,27,5,9,54294113,1,1,27,2026-06-21T19:55:10.005309,6,10
2026-06-21 19:58:52,mediboard,경상북도,4,4,A2700013,순천향대학교부속구미병원,2704,C,27,3,13,54293842,3,3,27,2026-06-21T19:55:10.005309,10,20
2026-06-21 19:58:52,mediboard,경상북도,0,0,A2700004,안동성소병원,2711,C,27,10,12,54293740,8,8,27,2026-06-21T19:55:10.005309,18,20
2026-06-21 19:58:52,mediboard,경상북도,0,0,A2700008,에스포항병원,2723,D,27,4,6,54293956,1,1,27,2026-06-21T19:55:10.005309,5,7
2026-06-21 19:58:52,mediboard,경상북도,0,0,A2700017,영남대학교의과대학부속영천병원,2715,D,27,9,10,54293900,3,3,27,2026-06-21T19:55:10.005309,12,13
2026-06-21 19:58:52,mediboard,경상북도,0,0,A2700031,영주기독병원,2714,D,27,4,4,54293790,1,1,27,2026-06-21T19:55:10.005309,5,5
2026-06-21 19:58:52,mediboard,경상북도,0,0,A2700020,영주자인병원,2714,D,27,4,4,54293901,1,1,27,2026-06-21T19:55:10.005309,5,5
2026-06-21 19:58:52,mediboard,경상북도,0,0,A2702752,영주적십자병원,2714,D,27,3,10,54293844,1,1,27,2026-06-21T19:55:10.005309,4,11
2026-06-21 19:58:52,mediboard,경상북도,0,0,E2700553,울릉군보건의료원,2717,D,27,4,5,54293746,0,0,27,2026-06-21T19:55:10.005309,4,5
2026-06-21 19:58:52,mediboard,경상북도,0,0,A2700052,울진군의료원,2718,D,27,7,8,54293792,2,2,27,2026-06-21T19:55:10.005309,9,10
2026-06-21 19:58:52,mediboard,경상북도,0,0,A2700019,의)근원의료재단경산중앙병원,2701,D,27,6,10,54293789,2,2,27,2026-06-21T19:55:10.005309,8,12
2026-06-21 19:58:52,mediboard,경상북도,0,0,A2700038,의료법인대남의료재단청도대남병원,2720,D,27,9,10,54294114,0,0,27,2026-06-21T19:55:10.005309,9,10
2026-06-21 19:58:52,mediboard,경상북도,0,0,A2700012,의료법인덕산의료재단김천제일병원,2706,C,27,8,16,54293957,4,4,27,2026-06-21T19:55:10.005309,12,20
2026-06-21 19:58:52,mediboard,경상북도,0,0,A2700006,의료법인동춘의료재단문경제일병원,2707,C,27,17,17,54293955,1,3,27,2026-06-21T19:55:10.005309,18,20
2026-06-21 19:58:52,mediboard,경상북도,0,0,A2700009,의료법인삼백의료재단상주성모병원,2709,D,27,7,9,54294061,1,1,27,2026-06-21T19:55:10.005309,8,10
2026-06-21 19:58:52,mediboard,경상북도,0,0,A2700036,의료법인서명의료재단세명종합병원,2701,D,27,3,13,54293791,2,2,27,2026-06-21T19:55:10.005309,5,15
2026-06-21 19:58:52,mediboard,경상북도,0,0,A2700023,의료법인서준의료재단예천권병원,2716,D,27,6,6,54293843,1,1,27,2026-06-21T19:55:10.005309,7,7
2026-06-21 19:58:52,mediboard,경상북도,2,3,A2700014,의료법인안동병원,2711,A,27,7,17,54293741,4,5,27,2026-06-21T19:55:10.005309,13,25
2026-06-21 19:58:52,mediboard,경상북도,0,0,A2700070,의료법인영암의료재단고령영생병원,2703,D,27,3,5,54293903,1,1,27,2026-06-21T19:55:10.005309,4,6
2026-06-21 19:58:52,mediboard,경상북도,0,0,A2700063,의료법인영제의료재단영남제일병원,2719,D,27,4,5,54293902,1,1,27,2026-06-21T19:55:10.005309,5,6
2026-06-21 19:58:52,mediboard,경상북도,0,0,A2702563,의료법인은성의료재단좋은선린병원,2724,D,27,7,10,54293904,2,2,27,2026-06-21T19:55:10.005309,9,12
2026-06-21 19:58:52,mediboard,경상북도,3,5,A2700007,차의과학대학교부속구미차병원,2704,A,27,9,20,54293841,6,12,27,2026-06-21T19:55:10.005309,18,37
2026-06-21 19:58:52,mediboard,경상북도,0,0,E2700554,청송군보건의료원,2721,D,27,5,5,54293968,1,1,27,2026-06-21T19:55:10.005309,6,6
2026-06-21 19:58:52,mediboard,경상북도,11,11,A2700016,포항성모병원,2723,A,27,-4,20,54293899,5,15,27,2026-06-21T19:55:10.005309,12,46
2026-06-21 19:58:52,mediboard,경상북도,0,0,A2700002,포항세명기독병원,2723,C,27,2,15,54293840,10,10,27,2026-06-21T19:55:10.005309,12,25
2026-06-21 19:58:52,mediboard,경상남도,0,0,A2800032,강병원,2803,D,28,8,9,54294011,1,1,28,2026-06-21T19:55:10.005309,9,10
2026-06-21 19:58:52,mediboard,경상남도,0,0,A2803677,강일병원,2804,D,28,6,8,54293849,3,3,28,2026-06-21T19:55:10.005309,9,11
2026-06-21 19:58:52,mediboard,경상남도,0,0,A2800076,거창적십자병원,2802,D,28,8,9,54294014,1,1,28,2026-06-21T19:55:10.005309,9,10
2026-06-21 19:58:52,mediboard,경상남도,3,3,A2800001,경상국립대학교병원,2811,A,28,14,30,54294062,5,5,28,2026-06-21T19:55:10.005309,22,38
2026-06-21 19:58:52,mediboard,경상남도,0,0,A2800025,경상남도마산의료원,2813,D,28,9,13,54293847,2,2,28,2026-06-21T19:55:10.005309,11,15
2026-06-21 19:58:52,mediboard,경상남도,0,0,A2800113,밀양병원,2806,D,28,7,8,54294067,1,1,28,2026-06-21T19:55:10.005309,8,9
2026-06-21 19:58:52,mediboard,경상남도,0,0,A2800084,반도병원,2811,D,28,5,7,54293965,1,1,28,2026-06-21T19:55:10.005309,6,8
2026-06-21 19:58:52,mediboard,경상남도,0,0,A2800019,베데스다복음병원,2809,D,28,7,9,54294064,1,1,28,2026-06-21T19:55:10.005309,8,10
2026-06-21 19:58:52,mediboard,경상남도,0,0,E2800380,산청군보건의료원,2808,D,28,5,5,54293853,1,1,28,2026-06-21T19:55:10.005309,6,6
2026-06-21 19:58:52,mediboard,경상남도,0,0,A2800055,삼성합천병원,2822,D,28,3,4,54294012,1,1,28,2026-06-21T19:55:10.005309,4,5
2026-06-21 19:58:52,mediboard,경상남도,0,0,A2800101,삼천포제일병원,2807,D,28,8,8,54293848,2,2,28,2026-06-21T19:55:10.005309,10,10
2026-06-21 19:58:52,mediboard,경상남도,0,0,A2800092,새통영병원,2818,D,28,7,9,54293795,1,1,28,2026-06-21T19:55:10.005309,8,10
2026-06-21 19:58:52,mediboard,경상남도,5,10,A2800011,양산부산대학교병원,2809,A,28,7,23,54293905,5,8,28,2026-06-21T19:55:10.005309,15,39
2026-06-21 19:58:52,mediboard,경상남도,0,0,A2804593,양산성모병원,2809,D,28,11,13,54293850,1,1,28,2026-06-21T19:55:10.005309,12,14
2026-06-21 19:58:52,mediboard,경상남도,0,0,A2800021,연세에스병원,2817,D,28,9,9,54293794,1,1,28,2026-06-21T19:55:10.005309,10,10
2026-06-21 19:58:52,mediboard,경상남도,0,0,A2800090,의령병원,2810,D,28,4,4,54293907,1,1,28,2026-06-21T19:55:10.005309,5,5
2026-06-21 19:58:52,mediboard,경상남도,0,0,A2800008,의료법인 거붕 백병원,2801,D,28,4,9,54293961,1,1,28,2026-06-21T19:55:10.005309,5,10
2026-06-21 19:58:52,mediboard,경상남도,0,0,A2800005,의료법인 대우의료재단대우병원,2801,D,28,6,9,54293742,1,1,28,2026-06-21T19:55:10.005309,7,10
2026-06-21 19:58:52,mediboard,경상남도,0,0,A2800015,의료법인 문병욱의료재단 진주고려병원,2811,D,28,8,10,54294063,1,1,28,2026-06-21T19:55:10.005309,9,11
2026-06-21 19:58:52,mediboard,경상남도,0,0,A2800022,의료법인 성념의료재단맑은샘병원,2801,D,28,7,9,54294115,1,1,28,2026-06-21T19:55:10.005309,8,10
2026-06-21 19:58:52,mediboard,경상남도,0,0,A2800094,의료법인 이도의료재단 남해병원,2805,D,28,5,8,54293908,2,2,28,2026-06-21T19:55:10.005309,7,10
2026-06-21 19:58:52,mediboard,경상남도,0,0,A2800014,의료법인갑을의료재단 갑을장유병원,2804,D,28,4,9,54293963,1,1,28,2026-06-21T19:55:10.005309,5,10
2026-06-21 19:58:52,mediboard,경상남도,0,0,A2800006,의료법인숭인의료재단 김해복음병원,2804,C,28,11,16,54294009,4,4,28,2026-06-21T19:55:10.005309,15,20
2026-06-21 19:58:52,mediboard,경상남도,0,0,A2800068,의료법인승연의료재단 삼천포서울병원,2807,D,28,8,9,54294013,1,1,28,2026-06-21T19:55:10.005309,9,10
2026-06-21 19:58:52,mediboard,경상남도,0,0,A2800009,의료법인청아의료재단청아병원,2814,D,28,7,9,54293962,1,1,28,2026-06-21T19:55:10.005309,8,10
2026-06-21 19:58:52,mediboard,경상남도,0,0,A2800017,의료법인합포의료재단에스엠지연세병원,2813,C,28,11,17,54293906,3,3,28,2026-06-21T19:55:10.005309,14,20
2026-06-21 19:58:52,mediboard,경상남도,0,0,A2800010,의료법인환명의료재단 조은금강병원,2804,C,28,9,17,54293846,3,3,28,2026-06-21T19:55:10.005309,12,20
2026-06-21 19:58:52,mediboard,경상남도,0,0,A2800003,제일병원,2811,C,28,12,17,54293845,3,3,28,2026-06-21T19:55:10.005309,15,20
2026-06-21 19:58:52,mediboard,경상남도,0,0,A2800037,진주복음병원,2811,D,28,3,9,54293743,1,1,28,2026-06-21T19:55:10.005309,4,10
2026-06-21 19:58:52,mediboard,경상남도,0,0,A2803505,창원경상국립대학교병원,2815,C,28,13,18,54293796,3,10,28,2026-06-21T19:55:10.005309,16,28
2026-06-21 19:58:52,mediboard,경상남도,0,0,A2800004,창원파티마병원,2816,C,28,10,17,54293960,3,3,28,2026-06-21T19:55:10.005309,13,20
2026-06-21 19:58:52,mediboard,경상남도,0,0,A2800007,창원한마음병원,2816,C,28,10,21,54294010,4,4,28,2026-06-21T19:55:10.005309,14,25
2026-06-21 19:58:52,mediboard,경상남도,0,0,A2800062,태황의료재단한성병원,2812,D,28,7,9,54294066,1,1,28,2026-06-21T19:55:10.005309,8,10
2026-06-21 19:58:52,mediboard,경상남도,3,3,A2800020,학교법인성균관대학삼성창원병원,2814,A,28,3,18,54293793,5,5,28,2026-06-21T19:55:10.005309,11,26
2026-06-21 19:58:52,mediboard,경상남도,0,0,A2800043,한일병원,2811,C,28,13,17,54294065,3,3,28,2026-06-21T19:55:10.005309,16,20
2026-06-21 19:58:52,mediboard,경상남도,0,0,A2800080,함양성심병원,2821,D,28,3,4,54293964,1,1,28,2026-06-21T19:55:10.005309,4,5
2026-06-21 19:58:52,mediboard,제주특별자치도,0,0,A2900003,의료법인 혜인의료재단 한국병원,2902,D,29,-1,9,54294015,0,1,29,2026-06-21T19:55:10.005309,-1,10
2026-06-21 19:58:52,mediboard,제주특별자치도,1,1,A2900006,의료법인중앙의료재단중앙병원,2902,C,29,2,16,54293851,3,3,29,2026-06-21T19:55:10.005309,6,20
2026-06-21 19:58:52,mediboard,제주특별자치도,0,0,A2900007,제주대학교병원,2902,C,29,-1,20,54293966,5,6,29,2026-06-21T19:55:10.005309,4,26
2026-06-21 19:58:52,mediboard,제주특별자치도,4,4,A2900002,제주특별자치도서귀포의료원,2901,C,29,10,16,54293797,5,5,29,2026-06-21T19:55:10.005309,19,25
2026-06-21 19:58:52,mediboard,제주특별자치도,3,3,A2900001,제주한라병원,2902,A,29,0,17,54294116,5,5,29,2026-06-21T19:55:10.005309,8,25
2026-06-21 19:58:52,mediboard,제주특별자치도,0,0,A2900005,한마음병원,2902,C,29,6,17,54294068,0,3,29,2026-06-21T19:55:10.005309,6,20
2026-06-21 22:04:42,mediboard,서울특별시,0,0,A1100011,가톨릭대학교여의도성모병원,1120,C,11,13,15,54304306,5,5,11,2026-06-21T22:00:10.007772,18,20
2026-06-21 22:04:42,mediboard,서울특별시,3,8,A1121013,가톨릭대학교은평성모병원,1122,C,11,10,24,54304527,4,4,11,2026-06-21T22:00:10.007772,17,36
2026-06-21 22:04:42,mediboard,서울특별시,3,3,A1100043,강동경희대학교병원,1102,A,11,-2,15,54304200,4,5,11,2026-06-21T22:00:10.007772,5,23
2026-06-21 22:04:42,mediboard,서울특별시,2,2,A1100006,강북삼성병원,1123,C,11,2,15,54304521,3,3,11,2026-06-21T22:00:10.007772,7,20
2026-06-21 22:04:42,mediboard,서울특별시,3,4,A1100002,건국대학교병원,1106,C,11,4,20,54304419,3,3,11,2026-06-21T22:00:10.007772,10,27
2026-06-21 22:04:42,mediboard,서울특별시,0,0,A1100039,경찰병원,1118,D,11,3,3,54304424,2,2,11,2026-06-21T22:00:10.007772,5,5
2026-06-21 22:04:42,mediboard,서울특별시,3,3,A1100001,경희대학교병원,1111,C,11,9,15,54304361,4,5,11,2026-06-21T22:00:10.007772,16,23
2026-06-21 22:04:42,mediboard,서울특별시,1,3,A1100014,고려대학교의과대학부속구로병원,1107,A,11,9,29,54304307,3,5,11,2026-06-21T22:00:10.007772,13,37
2026-06-21 22:04:42,mediboard,서울특별시,0,0,A1100026,구로성심병원,1107,D,11,2,9,54304524,1,1,11,2026-06-21T22:00:10.007772,3,10
2026-06-21 22:04:42,mediboard,서울특별시,3,3,A1100052,국립중앙의료원,1124,C,11,15,17,54304471,10,10,11,2026-06-21T22:00:10.007772,28,30
2026-06-21 22:04:42,mediboard,서울특별시,0,0,A1122033,기쁨병원,1115,D,11,1,4,54304154,1,1,11,2026-06-21T22:00:10.007772,2,5
2026-06-21 22:04:42,mediboard,서울특별시,0,0,A1100048,노원을지대학교병원,1109,C,11,11,17,54304152,5,5,11,2026-06-21T22:00:10.007772,16,22
2026-06-21 22:04:42,mediboard,서울특별시,0,0,A1100044,녹색병원,1125,D,11,5,5,54304470,5,5,11,2026-06-21T22:00:10.007772,10,10
2026-06-21 22:04:42,mediboard,서울특별시,0,0,A1100037,대림성모병원,1120,D,11,6,8,54304310,2,2,11,2026-06-21T22:00:10.007772,8,10
2026-06-21 22:04:42,mediboard,서울특별시,0,0,A1100024,명지성모병원,1120,D,11,8,8,54304150,2,2,11,2026-06-21T22:00:10.007772,10,10
2026-06-21 22:04:42,mediboard,서울특별시,0,0,A1100036,부민병원,1104,D,11,9,10,54304525,1,1,11,2026-06-21T22:00:10.007772,10,11
2026-06-21 22:04:42,mediboard,서울특별시,4,4,A1100010,삼성서울병원,1101,C,11,-3,52,54304420,4,4,11,2026-06-21T22:00:10.007772,5,60
2026-06-21 22:04:42,mediboard,서울특별시,0,0,A1100021,삼육서울병원,1111,C,11,13,13,54304421,3,7,11,2026-06-21T22:00:10.007772,16,20
2026-06-21 22:04:42,mediboard,서울특별시,7,12,A1100017,서울대학교병원,1123,A,11,-2,24,54304149,8,8,11,2026-06-21T22:00:10.007772,11,42
2026-06-21 22:04:42,mediboard,서울특별시,0,0,A1100050,서울성심병원,1111,D,11,16,17,54304425,3,3,11,2026-06-21T22:00:10.007772,19,20
2026-06-21 22:04:42,mediboard,서울특별시,0,0,A1100029,서울적십자병원,1123,D,11,10,10,54304251,1,1,11,2026-06-21T22:00:10.007772,11,11
2026-06-21 22:04:42,mediboard,서울특별시,0,0,A1100022,서울특별시동부병원,1111,D,11,7,8,54304197,2,2,11,2026-06-21T22:00:10.007772,9,10
2026-06-21 22:04:42,mediboard,서울특별시,3,3,A1100040,서울특별시보라매병원,1112,C,11,10,31,54304252,3,3,11,2026-06-21T22:00:10.007772,16,37
2026-06-21 22:04:42,mediboard,서울특별시,0,0,A1100223,서울특별시서남병원,1119,D,11,3,6,54304201,1,2,11,2026-06-21T22:00:10.007772,4,8
2026-06-21 22:04:42,mediboard,서울특별시,0,3,A1100035,서울특별시서울의료원,1125,A,11,3,19,54304423,5,5,11,2026-06-21T22:00:10.007772,8,27
2026-06-21 22:04:42,mediboard,서울특별시,0,0,A1100028,성심의료재단강동성심병원,1102,C,11,7,15,54304422,9,9,11,2026-06-21T22:00:10.007772,16,24
2026-06-21 22:04:42,mediboard,서울특별시,0,0,A1100054,성애의료재단성애병원,1120,C,11,11,15,54304472,5,11,11,2026-06-21T22:00:10.007772,16,26
2026-06-21 22:04:42,mediboard,서울특별시,0,0,A1100032,세란병원,1123,D,11,9,10,54304309,1,1,11,2026-06-21T22:00:10.007772,10,11
2026-06-21 22:04:42,mediboard,서울특별시,2,4,A1100004,순천향대학교부속서울병원,1121,C,11,7,20,54304305,3,3,11,2026-06-21T22:00:10.007772,12,27
2026-06-21 22:04:42,mediboard,서울특별시,0,0,A1100045,씨엠병원,1120,D,11,10,10,54304365,0,0,11,2026-06-21T22:00:10.007772,10,10
2026-06-21 22:04:42,mediboard,서울특별시,2,2,A1100015,연세대학교의과대학강남세브란스병원,1101,C,11,7,21,54304523,3,3,11,2026-06-21T22:00:10.007772,12,26
2026-06-21 22:04:42,mediboard,서울특별시,4,10,A1100007,연세대학교의과대학세브란스병원,1114,C,11,18,39,54304467,6,6,11,2026-06-21T22:00:10.007772,26,53
2026-06-21 22:04:42,mediboard,서울특별시,0,0,A1100025,의료법인동신의료재단동신병원,1114,D,11,9,9,54304469,1,1,11,2026-06-21T22:00:10.007772,10,10
2026-06-21 22:04:42,mediboard,서울특별시,0,0,A1100041,의료법인서울효천의료재단에이치플러스양지병원,1105,C,11,6,18,54304199,3,3,11,2026-06-21T22:00:10.007772,9,21
2026-06-21 22:04:42,mediboard,서울특별시,0,0,A1100023,의료법인청구성심병원,1122,D,11,9,10,54304198,1,1,11,2026-06-21T22:00:10.007772,10,11
2026-06-21 22:04:42,mediboard,서울특별시,0,0,A1100075,의료법인풍산의료재단동부제일병원,1125,D,11,7,7,54304153,1,1,11,2026-06-21T22:00:10.007772,8,8
2026-06-21 22:04:42,mediboard,서울특별시,2,2,A1100020,의료법인한전의료재단한일병원,1110,C,11,12,21,54304364,4,4,11,2026-06-21T22:00:10.007772,18,27
2026-06-21 22:04:42,mediboard,서울특별시,8,8,A1100005,이화여자대학교의과대학부속목동병원,1119,A,11,10,19,54304466,6,6,11,2026-06-21T22:00:10.007772,24,33
2026-06-21 22:04:42,mediboard,서울특별시,0,9,A1120796,이화여자대학교의과대학부속서울병원,1104,C,11,-7,14,54304426,6,6,11,2026-06-21T22:00:10.007772,-1,29
2026-06-21 22:04:42,mediboard,서울특별시,0,0,A1100016,인제대학교상계백병원,1109,C,11,9,16,54304468,6,7,11,2026-06-21T22:00:10.007772,15,23
2026-06-21 22:04:42,mediboard,서울특별시,6,14,A1100009,재단법인아산사회복지재단서울아산병원,1118,C,11,6,36,54304363,16,26,11,2026-06-21T22:00:10.007772,25,73
2026-06-21 22:04:42,mediboard,서울특별시,4,4,A1100003,중앙대학교병원,1112,C,11,1,18,54304304,0,0,11,2026-06-21T22:00:10.007772,5,22
2026-06-21 22:04:42,mediboard,서울특별시,5,9,A1100012,학교법인가톨릭학원가톨릭대학교서울성모병원,1115,C,11,3,28,54304250,6,8,11,2026-06-21T22:00:10.007772,13,43
2026-06-21 22:04:42,mediboard,서울특별시,4,4,A1100008,학교법인고려중앙학원고려대학교의과대학부속병원(안암병원),1117,A,11,18,30,54304362,6,9,11,2026-06-21T22:00:10.007772,28,43
2026-06-21 22:04:42,mediboard,서울특별시,0,0,A1100053,한국보훈복지의료공단중앙보훈병원,1102,C,11,18,22,54304311,3,3,11,2026-06-21T22:00:10.007772,21,25
2026-06-21 22:04:42,mediboard,서울특별시,0,0,A1100027,한국원자력의학원원자력병원,1109,D,11,9,9,54304151,2,3,11,2026-06-21T22:00:10.007772,11,12
2026-06-21 22:04:42,mediboard,서울특별시,2,3,A1100055,한림대학교강남성심병원,1120,C,11,7,20,54304367,4,5,11,2026-06-21T22:00:10.007772,13,28
2026-06-21 22:04:42,mediboard,서울특별시,1,3,A1100013,한양대학교병원,1116,A,11,14,20,54304522,7,12,11,2026-06-21T22:00:10.007772,22,35
2026-06-21 22:04:42,mediboard,서울특별시,0,0,A1100051,혜민병원,1106,D,11,8,9,54304366,1,1,11,2026-06-21T22:00:10.007772,9,10
2026-06-21 22:04:42,mediboard,서울특별시,0,0,A1100019,홍익병원,1119,D,11,8,9,54304308,0,1,11,2026-06-21T22:00:10.007772,8,10
2026-06-21 22:04:42,mediboard,서울특별시,0,0,A1100049,희명병원,1108,D,11,9,10,54304526,1,1,11,2026-06-21T22:00:10.007772,10,11
2026-06-21 22:04:42,mediboard,부산광역시,0,0,A1200028,(의)서일의료재단기장병원,1203,D,12,8,9,54304846,1,1,12,2026-06-21T22:05:10.005553,9,10
2026-06-21 22:04:42,mediboard,부산광역시,0,0,A1200004,고신대학교복음병원,1211,C,12,15,25,54304620,3,5,12,2026-06-21T22:05:10.005553,18,30
2026-06-21 22:04:42,mediboard,부산광역시,0,0,A1200045,구포성심병원,1208,D,12,6,9,54304675,1,1,12,2026-06-21T22:05:10.005553,7,10
2026-06-21 22:04:42,mediboard,부산광역시,3,3,A1200018,대동병원,1206,C,12,10,15,54304732,3,3,12,2026-06-21T22:05:10.005553,16,21
2026-06-21 22:04:42,mediboard,부산광역시,0,0,A1200015,동남권원자력의학원원자력병원,1203,D,12,9,9,54304789,1,1,12,2026-06-21T22:05:10.005553,10,10
2026-06-21 22:04:42,mediboard,부산광역시,0,0,A1200011,동래봉생병원,1206,D,12,1,8,54304893,2,2,12,2026-06-21T22:05:10.005553,3,10
2026-06-21 22:04:42,mediboard,부산광역시,3,3,A1200003,동아대학교병원,1211,A,12,10,19,54304946,4,5,12,2026-06-21T22:05:10.005553,17,27
2026-06-21 22:04:42,mediboard,부산광역시,0,0,A1200024,부산광역시의료원,1213,D,12,15,18,54304895,2,8,12,2026-06-21T22:05:10.005553,17,26
2026-06-21 22:04:42,mediboard,부산광역시,3,3,A1200002,부산대학교병원,1211,C,12,10,19,54304573,3,3,12,2026-06-21T22:05:10.005553,16,25
2026-06-21 22:04:42,mediboard,부산광역시,4,4,A1200013,부산성모병원(재단법인 천주교부산교구유지재단),1204,D,12,4,10,54304788,5,5,12,2026-06-21T22:05:10.005553,13,19
2026-06-21 22:04:42,mediboard,부산광역시,0,0,A1200007,비에이치에스한서병원,1212,C,12,15,17,54304787,3,3,12,2026-06-21T22:05:10.005553,18,20
2026-06-21 22:04:42,mediboard,부산광역시,0,0,A1200021,삼육부산병원,1211,D,12,6,9,54304673,1,1,12,2026-06-21T22:05:10.005553,7,10
2026-06-21 22:04:42,mediboard,부산광역시,0,0,A1200014,영도병원,1214,D,12,6,7,54304672,2,2,12,2026-06-21T22:05:10.005553,8,9
2026-06-21 22:04:42,mediboard,부산광역시,0,0,A1200009,의료법인 광혜의료재단 광혜병원,1206,D,12,8,9,54304892,3,3,12,2026-06-21T22:05:10.005553,11,12
2026-06-21 22:04:42,mediboard,부산광역시,0,0,A1200098,의료법인 센텀의료재단 센텀종합병원,1212,D,12,6,9,54304790,1,1,12,2026-06-21T22:05:10.005553,7,10
2026-06-21 22:04:42,mediboard,부산광역시,0,0,A1200020,의료법인 온그룹의료재단 온병원,1207,C,12,16,20,54304574,3,3,12,2026-06-21T22:05:10.005553,19,23
2026-06-21 22:04:42,mediboard,부산광역시,0,0,A1200008,의료법인 은성의료재단 좋은강안병원,1212,D,12,7,15,54304730,2,2,12,2026-06-21T22:05:10.005553,9,17
2026-06-21 22:04:42,mediboard,부산광역시,1,1,A1200005,의료법인 은성의료재단 좋은삼선병원,1209,C,12,12,13,54304671,5,6,12,2026-06-21T22:05:10.005553,18,20
2026-06-21 22:04:42,mediboard,부산광역시,0,0,A1200006,의료법인 인당의료재단 부민병원,1208,D,12,6,10,54304891,2,2,12,2026-06-21T22:05:10.005553,8,12
2026-06-21 22:04:42,mediboard,부산광역시,0,0,A1205143,의료법인 인당의료재단 해운대부민병원,1216,D,12,5,9,54304847,1,1,12,2026-06-21T22:05:10.005553,6,10
2026-06-21 22:04:42,mediboard,부산광역시,0,0,A1200012,의료법인 행도의료재단 해동병원,1214,D,12,5,6,54304621,1,1,12,2026-06-21T22:05:10.005553,6,7
2026-06-21 22:04:42,mediboard,부산광역시,0,0,A1200017,의료법인정화의료재단 봉생기념병원,1205,D,12,4,9,54304731,2,2,12,2026-06-21T22:05:10.005553,6,11
2026-06-21 22:04:42,mediboard,부산광역시,0,3,A1200022,인제대학교 해운대백병원,1216,A,12,17,29,54304845,4,5,12,2026-06-21T22:05:10.005553,21,37
2026-06-21 22:04:42,mediboard,부산광역시,0,0,A1200001,인제대학교부산백병원,1207,C,12,26,32,54304786,3,3,12,2026-06-21T22:05:10.005553,29,35
2026-06-21 22:04:42,mediboard,부산광역시,0,0,A1200023,재단법인천주교부산교구유지재단 메리놀병원,1215,D,12,7,9,54304674,1,1,12,2026-06-21T22:05:10.005553,8,10
2026-06-21 22:04:42,mediboard,부산광역시,2,2,A1200026,좋은문화병원,1205,D,12,3,7,54304576,3,3,12,2026-06-21T22:05:10.005553,8,12
2026-06-21 22:04:42,mediboard,부산광역시,0,0,A1200025,학교법인 춘해병원,1207,D,12,8,9,54304575,1,1,12,2026-06-21T22:05:10.005553,9,10
2026-06-21 22:04:42,mediboard,부산광역시,0,0,A1200019,학교법인)동의병원,1207,D,12,13,14,54304622,1,1,12,2026-06-21T22:05:10.005553,14,15
2026-06-21 22:04:42,mediboard,부산광역시,0,0,A1200016,한국보훈복지의료공단 부산보훈병원,1209,D,12,11,11,54304894,2,2,12,2026-06-21T22:05:10.005553,13,13
2026-06-21 22:04:42,mediboard,인천광역시,0,0,A1300081,(재)미리내천주성삼성직수도회천주성삼병원,1307,D,13,3,9,54304792,1,2,13,2026-06-21T22:05:10.005553,4,11
2026-06-21 22:04:42,mediboard,인천광역시,0,0,A1300018,강남종합병원,1304,D,13,13,15,54304900,1,1,13,2026-06-21T22:05:10.005553,14,16
2026-06-21 22:04:42,mediboard,인천광역시,3,4,A1300002,경북대학교병원,1308,A,13,17,27,54304896,5,5,13,2026-06-21T22:05:10.005553,25,36
2026-06-21 22:04:42,mediboard,인천광역시,0,0,A1303386,계명대학교대구동산병원,1308,D,13,12,12,54304624,2,2,13,2026-06-21T22:05:10.005553,14,14
2026-06-21 22:04:42,mediboard,인천광역시,0,0,A1300003,계명대학교동산병원,1302,C,13,4,23,54304577,1,3,13,2026-06-21T22:05:10.005553,5,26
2026-06-21 22:04:42,mediboard,인천광역시,0,0,A1300008,곽병원,1308,D,13,9,10,54304899,2,2,13,2026-06-21T22:05:10.005553,11,12
2026-06-21 22:04:42,mediboard,인천광역시,0,0,A1300038,나사렛종합병원,1302,D,13,0,9,54304947,2,10,13,2026-06-21T22:05:10.005553,2,19
2026-06-21 22:04:42,mediboard,인천광역시,0,0,A1300004,대구가톨릭대학교병원,1301,C,13,5,24,54304677,4,4,13,2026-06-21T22:05:10.005553,9,28
2026-06-21 22:04:42,mediboard,인천광역시,0,0,A1300005,대구가톨릭대학교칠곡가톨릭병원,1305,D,13,8,9,54304897,1,1,13,2026-06-21T22:05:10.005553,9,10
2026-06-21 22:04:42,mediboard,인천광역시,0,0,A1300076,대구굿모닝병원,1306,D,13,11,17,54304901,2,2,13,2026-06-21T22:05:10.005553,13,19
2026-06-21 22:04:42,mediboard,인천광역시,0,0,A1300007,대구의료원,1306,D,13,17,18,54304898,2,2,13,2026-06-21T22:05:10.005553,19,20
2026-06-21 22:04:42,mediboard,인천광역시,0,5,A1300009,대구파티마병원,1304,C,13,6,25,54304678,6,7,13,2026-06-21T22:05:10.005553,12,37
2026-06-21 22:04:42,mediboard,인천광역시,0,0,A1300110,더블유병원,1302,D,13,7,10,54304733,1,1,13,2026-06-21T22:05:10.005553,8,11
2026-06-21 22:04:42,mediboard,인천광역시,0,0,A1300034,드림종합병원,1301,D,13,6,8,54304791,2,2,13,2026-06-21T22:05:10.005553,8,10
2026-06-21 22:04:42,mediboard,인천광역시,0,0,A1300045,삼일병원,1302,D,13,6,14,54304680,1,1,13,2026-06-21T22:05:10.005553,7,15
2026-06-21 22:04:42,mediboard,인천광역시,3,3,A1300001,영남대학교병원,1301,A,13,15,28,54304676,5,5,13,2026-06-21T22:05:10.005553,23,36
2026-06-21 22:04:42,mediboard,인천광역시,0,0,A1300006,의료법인구의료재단구병원,1302,D,13,8,10,54304623,1,1,13,2026-06-21T22:05:10.005553,9,11
2026-06-21 22:04:42,mediboard,인천광역시,8,9,A1300010,칠곡경북대학교병원,1305,C,13,9,23,54304848,6,6,13,2026-06-21T22:05:10.005553,21,36
2026-06-21 22:04:42,mediboard,인천광역시,0,0,A1300011,한국보훈복지의료공단대구보훈병원,1302,D,13,11,12,54304679,2,2,13,2026-06-21T22:05:10.005553,13,14
2026-06-21 22:04:42,mediboard,대구광역시,0,0,A1400008,(의)성세의료재단 뉴성민병원,1407,D,14,5,9,54304626,1,1,14,2026-06-21T22:05:10.005553,6,10
2026-06-21 22:04:42,mediboard,대구광역시,0,3,A1400015,가톨릭관동대학교국제성모병원,1407,C,14,9,23,54304736,5,5,14,2026-06-21T22:05:10.005553,14,31
2026-06-21 22:04:42,mediboard,대구광역시,1,4,A1400012,가톨릭대학교 인천성모병원,1406,C,14,-4,19,54304850,5,8,14,2026-06-21T22:05:10.005553,2,31
2026-06-21 22:04:42,mediboard,대구광역시,0,0,A1400010,검단탑병원,1407,C,14,13,18,54304578,3,3,14,2026-06-21T22:05:10.005553,16,21
2026-06-21 22:04:42,mediboard,대구광역시,0,0,A1403617,비에스종합병원,1401,D,14,10,10,54304795,1,1,14,2026-06-21T22:05:10.005553,11,11
2026-06-21 22:04:42,mediboard,대구광역시,0,0,A1400013,안은의료재단 부평세림병원,1406,C,14,13,16,54304735,4,4,14,2026-06-21T22:05:10.005553,17,20
2026-06-21 22:04:42,mediboard,대구광역시,0,0,A1400005,온누리병원,1407,D,14,3,9,54304849,2,2,14,2026-06-21T22:05:10.005553,5,11
2026-06-21 22:04:42,mediboard,대구광역시,6,11,A1400001,의료법인 길의료재단 길병원,1404,A,14,13,25,54304902,6,7,14,2026-06-21T22:05:10.005553,23,41
2026-06-21 22:04:42,mediboard,대구광역시,0,0,A1400011,의료법인 나사렛의료재단 나사렛국제병원,1408,C,14,13,17,54304579,3,5,14,2026-06-21T22:05:10.005553,16,22
2026-06-21 22:04:42,mediboard,대구광역시,0,0,A1400003,의료법인 루가의료재단 나은병원,1407,C,14,9,11,54304625,10,10,14,2026-06-21T22:05:10.005553,19,21
2026-06-21 22:04:42,mediboard,대구광역시,0,0,A1400007,의료법인 성수의료재단 인천백병원,1405,D,14,5,5,54304734,1,1,14,2026-06-21T22:05:10.005553,6,6
2026-06-21 22:04:42,mediboard,대구광역시,0,0,A1400014,의료법인인성의료재단한림병원,1402,C,14,11,17,54304851,4,4,14,2026-06-21T22:05:10.005553,15,21
2026-06-21 22:04:42,mediboard,대구광역시,0,0,A1400017,인천광역시의료원,1405,D,14,14,15,54304628,2,2,14,2026-06-21T22:05:10.005553,16,17
2026-06-21 22:04:42,mediboard,대구광역시,0,0,A1400037,인천광역시의료원백령병원,1409,D,14,5,5,54304738,1,1,14,2026-06-21T22:05:10.005553,6,6
2026-06-21 22:04:42,mediboard,대구광역시,0,0,A1400009,인천기독병원,1410,D,14,6,8,54304627,1,1,14,2026-06-21T22:05:10.005553,7,9
2026-06-21 22:04:42,mediboard,대구광역시,0,0,A1400016,인천사랑병원,1403,C,14,10,14,54304793,7,7,14,2026-06-21T22:05:10.005553,17,21
2026-06-21 22:04:42,mediboard,대구광역시,0,0,A1403372,인천세종병원,1402,C,14,11,18,54304794,3,3,14,2026-06-21T22:05:10.005553,14,21
2026-06-21 22:04:42,mediboard,대구광역시,0,0,A1400018,인천적십자병원,1408,D,14,8,8,54304737,2,2,14,2026-06-21T22:05:10.005553,10,10
2026-06-21 22:04:42,mediboard,대구광역시,0,0,A1403871,인천힘찬종합병원,1404,D,14,14,17,54304852,3,6,14,2026-06-21T22:05:10.005553,17,23
2026-06-21 22:04:42,mediboard,대구광역시,5,9,A1400002,인하대학교의과대학부속병원,1410,A,14,4,20,54304681,8,9,14,2026-06-21T22:05:10.005553,15,36
2026-06-21 22:04:42,mediboard,대구광역시,0,0,A1400004,현대유비스병원,1403,D,14,15,18,54304903,1,1,14,2026-06-21T22:05:10.005553,16,19
2026-06-21 22:04:42,mediboard,광주광역시,6,7,A1500019,KS병원,1501,C,15,8,15,54304853,3,3,15,2026-06-21T22:05:10.005553,17,25
2026-06-21 22:04:42,mediboard,광주광역시,0,0,A1500021,광주기독병원,1502,C,15,4,20,54304854,3,6,15,2026-06-21T22:05:10.005553,7,26
2026-06-21 22:04:42,mediboard,광주광역시,0,0,A1500015,광주병원,1504,D,15,5,10,54304582,1,1,15,2026-06-21T22:05:10.005553,6,11
2026-06-21 22:04:42,mediboard,광주광역시,0,0,A1500004,광주보훈병원,1501,D,15,6,14,54304682,2,2,15,2026-06-21T22:05:10.005553,8,16
2026-06-21 22:04:42,mediboard,광주광역시,0,0,A1502007,광주센트럴병원,1501,D,15,5,10,54304907,1,1,15,2026-06-21T22:05:10.005553,6,11
2026-06-21 22:04:42,mediboard,광주광역시,0,0,A1500018,광주수완병원,1501,D,15,8,9,54304583,0,1,15,2026-06-21T22:05:10.005553,8,10
2026-06-21 22:04:42,mediboard,광주광역시,0,0,A1500009,광주씨티병원,1502,D,15,10,10,54304580,1,1,15,2026-06-21T22:05:10.005553,11,11
2026-06-21 22:04:42,mediboard,광주광역시,0,0,A1500005,광주일곡병원,1504,D,15,6,9,54304948,1,1,15,2026-06-21T22:05:10.005553,7,10
2026-06-21 22:04:42,mediboard,광주광역시,0,0,A1500016,광주한국병원,1505,D,15,13,15,54304798,1,1,15,2026-06-21T22:05:10.005553,14,16
2026-06-21 22:04:42,mediboard,광주광역시,0,0,A1500003,광주현대병원,1504,D,15,4,9,54304796,2,2,15,2026-06-21T22:05:10.005553,6,11
2026-06-21 22:04:42,mediboard,광주광역시,0,0,A1500007,광주희망병원,1504,D,15,6,9,54304629,1,1,15,2026-06-21T22:05:10.005553,7,10
2026-06-21 22:04:42,mediboard,광주광역시,0,0,A1500013,동아병원,1502,D,15,8,9,54304581,1,1,15,2026-06-21T22:05:10.005553,9,10
2026-06-21 22:04:42,mediboard,광주광역시,0,0,A1500014,미래로21병원,1505,D,15,7,9,54304797,1,1,15,2026-06-21T22:05:10.005553,8,10
2026-06-21 22:04:42,mediboard,광주광역시,0,0,A1500022,상무병원,1505,D,15,8,9,54304906,1,1,15,2026-06-21T22:05:10.005553,9,10
2026-06-21 22:04:42,mediboard,광주광역시,2,2,A1500020,서광병원,1505,C,15,16,18,54304951,3,3,15,2026-06-21T22:05:10.005553,21,23
2026-06-21 22:04:42,mediboard,광주광역시,0,0,A1500006,신가병원,1501,D,15,8,9,54304949,2,2,15,2026-06-21T22:05:10.005553,10,11
2026-06-21 22:04:42,mediboard,광주광역시,0,0,A1500010,운암한국병원,1504,D,15,6,9,54304905,1,1,15,2026-06-21T22:05:10.005553,7,10
2026-06-21 22:04:42,mediboard,광주광역시,3,4,A1500002,전남대학교병원,1503,A,15,15,28,54304904,4,7,15,2026-06-21T22:05:10.005553,22,39
2026-06-21 22:04:42,mediboard,광주광역시,4,4,A1500001,조선대학교병원,1503,A,15,16,23,54304739,5,5,15,2026-06-21T22:05:10.005553,25,32
2026-06-21 22:04:42,mediboard,광주광역시,0,0,A1500011,첨단종합병원,1501,C,15,15,22,54304950,3,3,15,2026-06-21T22:05:10.005553,18,25
2026-06-21 22:04:42,mediboard,광주광역시,0,0,A1500017,하남성심병원,1501,D,15,15,19,54304740,1,2,15,2026-06-21T22:05:10.005553,16,21
2026-06-21 22:04:42,mediboard,대전광역시,0,0,A1600004,대전보훈병원,1601,D,16,6,7,54304584,2,2,16,2026-06-21T22:05:10.005553,8,9
2026-06-21 22:04:42,mediboard,대전광역시,0,0,A1600003,대전한국병원,1602,D,16,8,9,54304741,1,1,16,2026-06-21T22:05:10.005553,9,10
2026-06-21 22:04:42,mediboard,대전광역시,0,0,A1602246,대청병원,1603,D,16,8,9,54304855,1,1,16,2026-06-21T22:05:10.005553,9,10
2026-06-21 22:04:42,mediboard,대전광역시,0,0,A1600008,의료법인영훈의료재단대전선병원,1605,C,16,14,17,54304742,4,9,16,2026-06-21T22:05:10.005553,18,26
2026-06-21 22:04:42,mediboard,대전광역시,0,0,A1600007,의료법인영훈의료재단유성선병원,1604,C,16,9,17,54304631,3,7,16,2026-06-21T22:05:10.005553,12,24
2026-06-21 22:04:42,mediboard,대전광역시,0,6,A1600001,충남대학교병원,1605,A,16,9,28,54304683,5,5,16,2026-06-21T22:05:10.005553,14,39
2026-06-21 22:04:42,mediboard,대전광역시,0,0,A1600005,학교법인가톨릭학원가톨릭대학교대전성모병원,1605,C,16,13,19,54304952,3,3,16,2026-06-21T22:05:10.005553,16,22
2026-06-21 22:04:42,mediboard,대전광역시,3,5,A1600006,학교법인건양교육재단건양대학교병원,1603,A,16,9,24,54304630,5,5,16,2026-06-21T22:05:10.005553,17,34
2026-06-21 22:04:42,mediboard,대전광역시,0,0,A1600002,학교법인을지학원대전을지대학교병원,1603,C,16,16,23,54304908,6,6,16,2026-06-21T22:05:10.005553,22,29
2026-06-21 22:04:42,mediboard,울산광역시,0,0,A1700001,서울산보람병원,1704,D,17,4,10,54304632,1,1,17,2026-06-21T22:05:10.005553,5,11
2026-06-21 22:04:42,mediboard,울산광역시,0,0,A1700003,울산병원,1701,C,17,13,19,54304799,3,3,17,2026-06-21T22:05:10.005553,16,22
2026-06-21 22:04:42,mediboard,울산광역시,0,0,A1700002,의료법인동강의료재단동강병원,1705,C,17,17,24,54304856,3,3,17,2026-06-21T22:05:10.005553,20,27
2026-06-21 22:04:42,mediboard,울산광역시,0,0,A1700025,의료법인송은의료재단울산시티병원,1703,C,17,13,17,54304800,3,3,17,2026-06-21T22:05:10.005553,16,20
2026-06-21 22:04:42,mediboard,울산광역시,0,0,A1700011,의료법인은성의료재단좋은삼정병원,1701,D,17,4,9,54304857,1,1,17,2026-06-21T22:05:10.005553,5,10
2026-06-21 22:04:42,mediboard,울산광역시,0,0,A1700028,의료법인정안의료재단중앙병원,1701,C,17,11,17,54304684,3,3,17,2026-06-21T22:05:10.005553,14,20
2026-06-21 22:04:42,mediboard,울산광역시,6,8,A1700004,학교법인울산공업학원울산대학교병원,1702,A,17,3,23,54304743,5,6,17,2026-06-21T22:05:10.005553,14,37
2026-06-21 22:04:42,mediboard,경기도,0,0,A2100019,(의)영문의료재단 다보스병원,2136,C,21,6,13,54304689,7,7,21,2026-06-21T22:05:10.005553,13,20
2026-06-21 22:04:42,mediboard,경기도,0,0,A2100122,(의)효심의료재단용인서울병원,2136,D,21,7,10,54304961,0,0,21,2026-06-21T22:05:10.005553,7,10
2026-06-21 22:04:42,mediboard,경기도,0,0,A2100052,가톨릭대학교부천성모병원,2113,C,21,7,31,54304592,6,6,21,2026-06-21T22:05:10.005553,13,37
2026-06-21 22:04:42,mediboard,경기도,6,8,A2100012,가톨릭대학교성빈센트병원,2122,C,21,5,28,54304744,6,6,21,2026-06-21T22:05:10.005553,15,40
2026-06-21 22:04:42,mediboard,경기도,10,11,A2100040,가톨릭대학교의정부성모병원,2138,A,21,15,44,54304638,6,6,21,2026-06-21T22:05:10.005553,31,61
2026-06-21 22:04:42,mediboard,경기도,0,0,A2100029,강남병원,2134,C,21,15,17,54304860,3,3,21,2026-06-21T22:05:10.005553,18,20
2026-06-21 22:04:42,mediboard,경기도,0,0,A2100193,경기도의료원 이천병원,2139,C,21,11,17,54304862,3,3,21,2026-06-21T22:05:10.005553,14,20
2026-06-21 22:04:42,mediboard,경기도,0,0,A2100032,경기도의료원수원병원,2121,D,21,7,8,54304803,5,5,21,2026-06-21T22:05:10.005553,12,13
2026-06-21 22:04:42,mediboard,경기도,0,0,A2100045,경기도의료원안성병원,2126,D,21,13,14,54304804,1,5,21,2026-06-21T22:05:10.005553,14,19
2026-06-21 22:04:42,mediboard,경기도,0,0,A2100043,경기도의료원의정부병원,2138,D,21,9,10,54304957,1,1,21,2026-06-21T22:05:10.005553,10,11
2026-06-21 22:04:42,mediboard,경기도,0,0,A2100035,경기도의료원파주병원,2140,C,21,13,17,54304590,3,3,21,2026-06-21T22:05:10.005553,16,20
2026-06-21 22:04:42,mediboard,경기도,0,0,A2100031,경기도의료원포천병원,2142,C,21,15,17,54304747,3,3,21,2026-06-21T22:05:10.005553,18,20
2026-06-21 22:04:42,mediboard,경기도,4,4,A2100003,고려대학교의과대학부속안산병원,2124,A,21,9,22,54304635,7,8,21,2026-06-21T22:05:10.005553,20,34
2026-06-21 22:04:42,mediboard,경기도,4,4,A2100007,광명성애병원,2106,C,21,-3,11,54304910,4,5,21,2026-06-21T22:05:10.005553,5,20
2026-06-21 22:04:42,mediboard,경기도,0,0,A2100258,국군수도병원,2116,D,21,12,16,54304863,0,2,21,2026-06-21T22:05:10.005553,12,18
2026-06-21 22:04:42,mediboard,경기도,0,0,A2100049,국립암센터,2103,D,21,18,24,54304749,1,1,21,2026-06-21T22:05:10.005553,19,25
2026-06-21 22:04:42,mediboard,경기도,1,5,A2100033,국민건강보험공단일산병원,2103,A,21,15,23,54304955,4,5,21,2026-06-21T22:05:10.005553,20,33
2026-06-21 22:04:42,mediboard,경기도,0,0,A2100014,근로복지공단안산병원,2125,D,21,7,7,54304686,1,1,21,2026-06-21T22:05:10.005553,8,8
2026-06-21 22:04:42,mediboard,경기도,0,0,A2100041,남양주한양병원,2111,C,21,14,17,54304956,3,3,21,2026-06-21T22:05:10.005553,17,20
2026-06-21 22:04:42,mediboard,경기도,0,0,A2100017,대아의료재단한도병원,2124,C,21,17,17,54304688,3,3,21,2026-06-21T22:05:10.005553,20,20
2026-06-21 22:04:42,mediboard,경기도,2,3,A2100025,대진의료재단분당제생병원,2116,C,21,6,24,54304912,3,3,21,2026-06-21T22:05:10.005553,11,30
2026-06-21 22:04:42,mediboard,경기도,3,3,A2100047,동국대학교일산불교병원,2103,C,21,8,19,54304748,7,7,21,2026-06-21T22:05:10.005553,18,29
2026-06-21 22:04:42,mediboard,경기도,0,0,A2100131,메디인병원,2140,D,21,11,12,54304914,2,2,21,2026-06-21T22:05:10.005553,13,14
2026-06-21 22:04:42,mediboard,경기도,0,0,A2121142,메디필드한강병원,2136,D,21,14,17,54304919,3,3,21,2026-06-21T22:05:10.005553,17,20
2026-06-21 22:04:42,mediboard,경기도,0,0,A2100055,부천세종병원,2113,C,21,12,17,54304694,3,3,21,2026-06-21T22:05:10.005553,15,20
2026-06-21 22:04:42,mediboard,경기도,1,5,A2100001,분당서울대학교병원,2116,A,21,-21,30,54304634,4,5,21,2026-06-21T22:05:10.005553,-16,40
2026-06-21 22:04:42,mediboard,경기도,6,6,A2116806,성남시의료원,2117,C,21,15,17,54304918,6,6,21,2026-06-21T22:05:10.005553,27,29
2026-06-21 22:04:42,mediboard,경기도,0,0,A2100011,성남중앙병원,2118,D,21,9,9,54304587,1,1,21,2026-06-21T22:05:10.005553,10,10
2026-06-21 22:04:42,mediboard,경기도,0,0,A2100194,세종여주병원,2131,D,21,0,6,54304593,7,7,21,2026-06-21T22:05:10.005553,7,13
2026-06-21 22:04:42,mediboard,경기도,0,0,A2100016,순천의료재단성남정병원,2117,D,21,7,9,54304636,2,2,21,2026-06-21T22:05:10.005553,9,11
2026-06-21 22:04:42,mediboard,경기도,5,5,A2100005,순천향대학교부속부천병원,2113,A,21,5,17,54304586,3,5,21,2026-06-21T22:05:10.005553,13,27
2026-06-21 22:04:42,mediboard,경기도,10,14,A2100002,아주대학교병원,2120,A,21,9,32,54304685,11,13,21,2026-06-21T22:05:10.005553,26,54
2026-06-21 22:04:42,mediboard,경기도,0,0,A2100305,안성성모병원,2126,D,21,5,9,54304917,1,1,21,2026-06-21T22:05:10.005553,6,10
2026-06-21 22:04:42,mediboard,경기도,0,0,A2100089,양평병원,2130,D,21,7,9,54304806,1,1,21,2026-06-21T22:05:10.005553,8,10
2026-06-21 22:04:42,mediboard,경기도,0,0,A2118188,엘병원,2111,D,21,5,8,54304808,1,2,21,2026-06-21T22:05:10.005553,6,10
2026-06-21 22:04:42,mediboard,경기도,6,6,A2100020,연세대학교의과대학용인세브란스병원,2134,C,21,9,16,54304953,4,4,21,2026-06-21T22:05:10.005553,19,26
2026-06-21 22:04:42,mediboard,경기도,0,0,E2100187,연천군보건의료원,2132,D,21,10,10,54304612,0,0,21,2026-06-21T22:05:10.005553,10,10
2026-06-21 22:04:42,mediboard,경기도,0,0,A2100024,오산한국병원,2133,C,21,10,17,54304954,3,3,21,2026-06-21T22:05:10.005553,13,20
2026-06-21 22:04:42,mediboard,경기도,0,0,A2100048,원광대학교산본병원,2109,C,21,17,17,54304693,2,3,21,2026-06-21T22:05:10.005553,19,20
2026-06-21 22:04:42,mediboard,경기도,5,5,A2100008,의료법인 남촌의료재단 시화병원,2123,C,21,12,16,54304801,4,6,21,2026-06-21T22:05:10.005553,21,27
2026-06-21 22:04:42,mediboard,경기도,0,0,A2100013,의료법인 록향의료재단 신천연합병원,2123,D,21,8,10,54304911,1,1,21,2026-06-21T22:05:10.005553,9,11
2026-06-21 22:04:42,mediboard,경기도,0,0,A2100036,의료법인 일심의료재단 포천우리병원,2142,D,21,18,18,54304692,4,4,21,2026-06-21T22:05:10.005553,22,22
2026-06-21 22:04:42,mediboard,경기도,0,0,A2100309,의료법인갈렌의료재단박병원,2141,D,21,9,10,54304751,1,1,21,2026-06-21T22:05:10.005553,10,11
2026-06-21 22:04:42,mediboard,경기도,0,0,A2100009,의료법인녹산의료재단동수원병원,2122,C,21,15,17,54304802,2,3,21,2026-06-21T22:05:10.005553,17,20
2026-06-21 22:04:42,mediboard,경기도,0,0,A2100050,의료법인대인의료재단다니엘종합병원,2113,D,21,5,6,54304959,4,4,21,2026-06-21T22:05:10.005553,9,10
2026-06-21 22:04:42,mediboard,경기도,3,3,A2121061,의료법인덕산의료재단수원덕산병원,2119,D,21,20,24,54304962,3,3,21,2026-06-21T22:05:10.005553,26,30
2026-06-21 22:04:42,mediboard,경기도,0,0,A2117135,의료법인명인의료재단화홍병원,2119,C,21,5,15,54304696,5,5,21,2026-06-21T22:05:10.005553,10,20
2026-06-21 22:04:42,mediboard,경기도,2,3,A2100042,의료법인명지의료재단명지병원,2102,A,21,7,15,54304913,8,11,21,2026-06-21T22:05:10.005553,15,26
2026-06-21 22:04:42,mediboard,경기도,0,0,A2100022,의료법인박애의료재단박애병원,2141,D,21,9,10,54304690,1,1,21,2026-06-21T22:05:10.005553,10,11
2026-06-21 22:04:42,mediboard,경기도,0,0,A2100028,의료법인백송의료재단굿모닝병원,2141,C,21,11,19,54304691,9,9,21,2026-06-21T22:05:10.005553,20,28
2026-06-21 22:04:42,mediboard,경기도,0,0,A2100027,의료법인석경의료재단센트럴병원,2123,D,21,17,18,54304746,3,3,21,2026-06-21T22:05:10.005553,20,21
2026-06-21 22:04:42,mediboard,경기도,0,0,A2116972,의료법인성광의료재단일산차병원,2103,D,21,6,6,54304695,3,4,21,2026-06-21T22:05:10.005553,9,10
2026-06-21 22:04:42,mediboard,경기도,0,0,A2113246,의료법인양진의료재단평택성모병원,2141,C,21,12,17,54304752,3,3,21,2026-06-21T22:05:10.005553,15,20
2026-06-21 22:04:42,mediboard,경기도,0,0,A2100034,의료법인영동의료재단의정부백병원,2138,D,21,6,10,54304589,2,2,21,2026-06-21T22:05:10.005553,8,12
2026-06-21 22:04:42,mediboard,경기도,0,0,A2100053,의료법인우리의료재단김포우리병원,2110,C,21,11,22,54304805,7,7,21,2026-06-21T22:05:10.005553,18,29
2026-06-21 22:04:42,mediboard,경기도,0,0,A2115699,의료법인원광의료재단원광종합병원,2146,D,21,5,9,54304640,1,1,21,2026-06-21T22:05:10.005553,6,10
2026-06-21 22:04:42,mediboard,경기도,0,0,A2100018,의료법인은혜와감사의료재단화성중앙종합병원,2144,D,21,8,9,54304859,1,1,21,2026-06-21T22:05:10.005553,9,10
2026-06-21 22:04:42,mediboard,경기도,0,0,A2100006,의료법인인봉의료재단뉴고려병원,2110,C,21,8,14,54304909,6,6,21,2026-06-21T22:05:10.005553,14,20
2026-06-21 22:04:42,mediboard,경기도,0,0,A2100290,의료법인자인의료재단(더자인병원),2102,D,21,14,16,54304750,4,4,21,2026-06-21T22:05:10.005553,18,20
2026-06-21 22:04:42,mediboard,경기도,0,0,A2100124,의료법인칠석의료재단사랑의병원,2125,D,21,9,13,54304639,1,1,21,2026-06-21T22:05:10.005553,10,14
2026-06-21 22:04:42,mediboard,경기도,0,0,A2100175,의료법인토마스의료재단윌스기념병원,2122,D,21,15,18,54304916,3,3,21,2026-06-21T22:05:10.005553,18,21
2026-06-21 22:04:42,mediboard,경기도,0,0,A2100021,의료법인플러스의료재단단원병원,2124,D,21,13,17,54304745,3,3,21,2026-06-21T22:05:10.005553,16,20
2026-06-21 22:04:42,mediboard,경기도,4,4,A2100038,인제대학교일산백병원,2104,C,21,19,30,54304861,5,6,21,2026-06-21T22:05:10.005553,28,40
2026-06-21 22:04:42,mediboard,경기도,0,0,A2118788,중앙대학교광명병원,2106,C,21,16,21,54304594,3,3,21,2026-06-21T22:05:10.005553,19,24
2026-06-21 22:04:42,mediboard,경기도,8,13,A2100030,차의과학대학교분당차병원,2116,A,21,-3,22,54304588,6,7,21,2026-06-21T22:05:10.005553,9,40
2026-06-21 22:04:42,mediboard,경기도,1,1,A2100155,참조은병원,2107,C,21,1,9,54304915,10,10,21,2026-06-21T22:05:10.005553,12,20
2026-06-21 22:04:42,mediboard,경기도,0,0,A2100150,추병원,2138,D,21,11,12,54304807,2,2,21,2026-06-21T22:05:10.005553,13,14
2026-06-21 22:04:42,mediboard,경기도,6,6,A2117994,학교법인을지학원의정부을지대학교병원,2138,C,21,20,30,54304697,8,11,21,2026-06-21T22:05:10.005553,34,47
2026-06-21 22:04:42,mediboard,경기도,9,9,A2100046,한림대학교동탄성심병원,2147,C,21,12,32,54304958,3,3,21,2026-06-21T22:05:10.005553,24,44
2026-06-21 22:04:42,mediboard,경기도,2,3,A2100004,한림대학교성심병원,2127,A,21,2,25,54304585,9,11,21,2026-06-21T22:05:10.005553,13,39
2026-06-21 22:04:42,mediboard,경기도,0,0,A2100039,한양대학교구리병원,2108,C,21,10,18,54304637,4,5,21,2026-06-21T22:05:10.005553,14,23
2026-06-21 22:04:42,mediboard,경기도,0,0,A2100037,현대병원,2111,C,21,12,17,54304591,3,3,21,2026-06-21T22:05:10.005553,15,20
2026-06-21 22:04:42,mediboard,경기도,0,0,A2100015,효산의료재단 안양샘병원,2128,C,21,8,17,54304687,3,3,21,2026-06-21T22:05:10.005553,11,20
2026-06-21 22:04:42,mediboard,경기도,0,0,A2100054,효산의료재단지샘병원,2109,C,21,13,18,54304960,4,4,21,2026-06-21T22:05:10.005553,17,22
2026-06-21 22:04:42,mediboard,강원특별자치도,3,3,A2200008,강릉아산병원,2201,A,22,11,23,54304809,5,5,22,2026-06-21T22:05:10.005553,19,31
2026-06-21 22:04:42,mediboard,강원특별자치도,3,3,A2200009,강원대학교병원,2213,C,22,15,21,54304963,5,5,22,2026-06-21T22:05:10.005553,23,29
2026-06-21 22:04:42,mediboard,강원특별자치도,0,0,A2200011,강원특별자치도강릉의료원,2201,D,22,3,5,54304754,1,1,22,2026-06-21T22:05:10.005553,4,6
2026-06-21 22:04:42,mediboard,강원특별자치도,1,1,A2200007,강원특별자치도삼척의료원,2204,C,22,13,16,54304595,3,5,22,2026-06-21T22:05:10.005553,17,22
2026-06-21 22:04:42,mediboard,강원특별자치도,0,0,A2200012,강원특별자치도속초의료원,2205,C,22,14,17,54304964,3,3,22,2026-06-21T22:05:10.005553,17,20
2026-06-21 22:04:42,mediboard,강원특별자치도,0,0,A2200002,강원특별자치도영월의료원,2208,D,22,9,9,54304641,1,1,22,2026-06-21T22:05:10.005553,10,10
2026-06-21 22:04:42,mediboard,강원특별자치도,0,0,A2200015,강원특별자치도원주의료원,2209,D,22,13,20,54304756,2,2,22,2026-06-21T22:05:10.005553,15,22
2026-06-21 22:04:42,mediboard,강원특별자치도,0,0,A2200048,근로복지공단정선병원,2211,D,22,5,5,54304699,1,1,22,2026-06-21T22:05:10.005553,6,6
2026-06-21 22:04:42,mediboard,강원특별자치도,0,0,A2200004,근로복지공단태백병원,2214,D,22,9,9,54304698,1,1,22,2026-06-21T22:05:10.005553,10,10
2026-06-21 22:04:42,mediboard,강원특별자치도,3,3,A2200001,연세대학교원주세브란스기독병원,2209,A,22,22,31,54304753,36,45,22,2026-06-21T22:05:10.005553,61,79
2026-06-21 22:04:42,mediboard,강원특별자치도,0,0,A2200005,의료법인강릉동인병원,2201,C,22,13,17,54304865,3,3,22,2026-06-21T22:05:10.005553,16,20
2026-06-21 22:04:42,mediboard,강원특별자치도,0,0,A2200003,의료법인동해동인병원,2203,D,22,8,10,54304864,1,1,22,2026-06-21T22:05:10.005553,9,11
2026-06-21 22:04:42,mediboard,강원특별자치도,0,0,A2200037,의료법인성심의료재단양구성심병원,2206,D,22,2,5,54304965,1,1,22,2026-06-21T22:05:10.005553,3,6
2026-06-21 22:04:42,mediboard,강원특별자치도,0,0,A2200024,의료법인성지의료재단성지병원,2209,D,22,2,7,54304811,1,1,22,2026-06-21T22:05:10.005553,3,8
2026-06-21 22:04:42,mediboard,강원특별자치도,0,0,A2200046,의료법인온세움의료재단온재병원,2205,D,22,8,9,54304966,1,1,22,2026-06-21T22:05:10.005553,9,10
2026-06-21 22:04:42,mediboard,강원특별자치도,0,0,A2201730,철원병원,2212,D,22,5,5,54304642,1,1,22,2026-06-21T22:05:10.005553,6,6
2026-06-21 22:04:42,mediboard,강원특별자치도,0,0,E2200026,평창군보건의료원,2215,D,22,6,6,54304720,1,1,22,2026-06-21T22:05:10.005553,7,7
2026-06-21 22:04:42,mediboard,강원특별자치도,2,3,A2200013,한림대학교춘천성심병원,2213,A,22,7,22,54304596,5,5,22,2026-06-21T22:05:10.005553,14,30
2026-06-21 22:04:42,mediboard,강원특별자치도,0,0,A2200014,홍천아산병원,2216,D,22,8,10,54304755,0,0,22,2026-06-21T22:05:10.005553,8,10
2026-06-21 22:04:42,mediboard,강원특별자치도,0,0,E2200025,화천군보건의료원,2217,D,22,7,7,54304835,1,1,22,2026-06-21T22:05:10.005553,8,8
2026-06-21 22:04:42,mediboard,강원특별자치도,0,0,A2200016,횡성대성병원,2218,D,22,8,9,54304810,1,1,22,2026-06-21T22:05:10.005553,9,10
2026-06-21 22:04:42,mediboard,충청북도,0,0,A2300010,건국대학교충주병원,2314,C,23,11,20,54304967,3,3,23,2026-06-21T22:05:10.005553,14,23
2026-06-21 22:04:42,mediboard,충청북도,0,0,E2300011,단양군보건의료원,2302,D,23,6,6,54304666,1,2,23,2026-06-21T22:05:10.005553,7,8
2026-06-21 22:04:42,mediboard,충청북도,0,0,A2300013,의료법인 건명의료재단 중앙제일병원,2309,C,23,11,17,54304866,3,5,23,2026-06-21T22:05:10.005553,14,22
2026-06-21 22:04:42,mediboard,충청북도,0,0,A2300034,의료법인대광의료재단괴산성모병원,2301,D,23,6,9,54304759,0,1,23,2026-06-21T22:05:10.005553,6,10
2026-06-21 22:04:42,mediboard,충청북도,3,3,A2300009,의료법인명지의료재단명지병원,2307,C,23,12,18,54304758,6,6,23,2026-06-21T22:05:10.005553,21,27
2026-06-21 22:04:42,mediboard,충청북도,0,0,A2300007,의료법인인화재단한국병원,2310,C,23,9,14,54304757,5,6,23,2026-06-21T22:05:10.005553,14,20
2026-06-21 22:04:42,mediboard,충청북도,0,0,A2300005,의료법인자산의료재단제천서울병원,2307,C,23,11,15,54304645,5,5,23,2026-06-21T22:05:10.005553,16,20
2026-06-21 22:04:42,mediboard,충청북도,0,0,A2300003,의료법인정산의료재단효성병원,2310,C,23,13,18,54304644,5,5,23,2026-06-21T22:05:10.005553,18,23
2026-06-21 22:04:42,mediboard,충청북도,0,0,A2300030,의료법인조윤의료재단영동병원,2304,D,23,9,10,54304867,0,0,23,2026-06-21T22:05:10.005553,9,10
2026-06-21 22:04:42,mediboard,충청북도,0,0,A2300002,의료법인한마음의료재단하나병원,2313,C,23,19,23,54304597,3,12,23,2026-06-21T22:05:10.005553,22,35
2026-06-21 22:04:42,mediboard,충청북도,0,0,A2300011,의료법인힐링의료재단옥천성모병원,2305,D,23,6,7,54304920,3,3,23,2026-06-21T22:05:10.005553,9,10
2026-06-21 22:04:42,mediboard,충청북도,0,0,A2300008,청주성모병원,2312,C,23,3,15,54304598,6,10,23,2026-06-21T22:05:10.005553,9,25
2026-06-21 22:04:42,mediboard,충청북도,4,8,A2300001,충북대학교병원,2311,A,23,25,32,54304643,5,5,23,2026-06-21T22:05:10.005553,34,45
2026-06-21 22:04:42,mediboard,충청북도,0,0,A2300006,충청북도청주의료원,2311,D,23,12,12,54304701,4,4,23,2026-06-21T22:05:10.005553,16,16
2026-06-21 22:04:42,mediboard,충청북도,0,0,A2300004,충청북도충주의료원,2314,D,23,18,18,54304700,3,3,23,2026-06-21T22:05:10.005553,21,21
2026-06-21 22:04:42,mediboard,충청남도,3,4,A2400002,단국대학교의과대학부속병원,2412,A,24,11,27,54304647,5,5,24,2026-06-21T22:05:10.005553,19,36
2026-06-21 22:04:42,mediboard,충청남도,0,0,A2400008,당진종합병원,2405,C,24,14,17,54304648,3,3,24,2026-06-21T22:05:10.005553,17,20
2026-06-21 22:04:42,mediboard,충청남도,0,4,A2400003,서산중앙병원,2408,C,24,12,17,54304599,3,3,24,2026-06-21T22:05:10.005553,15,24
2026-06-21 22:04:42,mediboard,충청남도,0,0,A2402257,아산충무병원,2410,C,24,6,13,54304968,8,8,24,2026-06-21T22:05:10.005553,14,21
2026-06-21 22:04:42,mediboard,충청남도,0,0,A2400044,의료법인 서해병원,2409,D,24,4,5,54304649,2,2,24,2026-06-21T22:05:10.005553,6,7
2026-06-21 22:04:42,mediboard,충청남도,0,0,A2400009,의료법인백제병원,2404,C,24,17,20,54304601,3,3,24,2026-06-21T22:05:10.005553,20,23
2026-06-21 22:04:42,mediboard,충청남도,0,0,A2400012,의료법인영서의료재단천안충무병원,2413,C,24,8,16,54304760,5,5,24,2026-06-21T22:05:10.005553,13,21
2026-06-21 22:04:42,mediboard,충청남도,0,0,A2400004,의료법인예당의료재단예산종합병원,2411,D,24,6,6,54304921,1,1,24,2026-06-21T22:05:10.005553,7,7
2026-06-21 22:04:42,mediboard,충청남도,0,0,A2400011,재단법인아산사회복지재단보령아산병원,2406,C,24,13,17,54304702,3,3,24,2026-06-21T22:05:10.005553,16,20
2026-06-21 22:04:42,mediboard,충청남도,0,0,E2400032,청양군보건의료원,2414,D,24,6,6,54304777,1,1,24,2026-06-21T22:05:10.005553,7,7
2026-06-21 22:04:42,mediboard,충청남도,0,0,A2400010,충청남도공주의료원,2402,D,24,12,15,54304602,1,1,24,2026-06-21T22:05:10.005553,13,16
2026-06-21 22:04:42,mediboard,충청남도,0,0,A2400006,충청남도서산의료원,2408,C,24,4,17,54304600,2,3,24,2026-06-21T22:05:10.005553,6,20
2026-06-21 22:04:42,mediboard,충청남도,0,0,A2400005,충청남도천안의료원,2412,D,24,12,12,54304868,1,2,24,2026-06-21T22:05:10.005553,13,14
2026-06-21 22:04:42,mediboard,충청남도,1,1,A2400007,충청남도홍성의료원,2416,C,24,14,18,54304922,3,3,24,2026-06-21T22:05:10.005553,18,22
2026-06-21 22:04:42,mediboard,충청남도,0,0,E2400033,태안군보건의료원,2415,D,24,10,10,54304613,1,1,24,2026-06-21T22:05:10.005553,11,11
2026-06-21 22:04:42,mediboard,충청남도,0,0,A2400038,학교법인건양교육재단건양대학교부여병원,2407,D,24,6,9,54304761,1,1,24,2026-06-21T22:05:10.005553,7,10
2026-06-21 22:04:42,mediboard,충청남도,16,18,A2400001,학교법인동은학원순천향대학교부속천안병원,2412,A,24,16,22,54304646,10,11,24,2026-06-21T22:05:10.005553,38,47
2026-06-21 22:04:42,mediboard,충청남도,0,0,A2400039,현대병원,2410,D,24,8,10,54304869,1,1,24,2026-06-21T22:05:10.005553,9,11
2026-06-21 22:04:42,mediboard,전북특별자치도,0,0,A2500038,김제우석병원,2503,D,25,10,10,54304603,1,1,25,2026-06-21T22:05:10.005553,11,11
2026-06-21 22:04:42,mediboard,전북특별자치도,0,0,A2500056,대자인병원,2512,C,25,16,33,54304763,3,3,25,2026-06-21T22:05:10.005553,19,36
2026-06-21 22:04:42,mediboard,전북특별자치도,0,0,E2500019,무주군보건의료원,2505,D,25,4,4,54304937,1,1,25,2026-06-21T22:05:10.005553,5,5
2026-06-21 22:04:42,mediboard,전북특별자치도,0,0,A2500010,부안성모병원,2506,D,25,8,10,54304871,2,2,25,2026-06-21T22:05:10.005553,10,12
2026-06-21 22:04:42,mediboard,전북특별자치도,3,3,A2502742,새강병원,2513,D,25,14,14,54304971,3,3,25,2026-06-21T22:05:10.005553,20,20
2026-06-21 22:04:42,mediboard,전북특별자치도,0,0,E2500021,순창군보건의료원,2507,D,25,9,9,54304667,1,1,25,2026-06-21T22:05:10.005553,10,10
2026-06-21 22:04:42,mediboard,전북특별자치도,3,3,A2500001,원광대학교병원,2509,A,25,10,28,54304969,5,5,25,2026-06-21T22:05:10.005553,18,36
2026-06-21 22:04:42,mediboard,전북특별자치도,0,0,A2500011,의료법인대산의료재단익산병원,2509,C,25,11,17,54304762,3,3,25,2026-06-21T22:05:10.005553,14,20
2026-06-21 22:04:42,mediboard,전북특별자치도,0,0,A2500009,의료법인석천재단고창병원,2501,D,25,5,10,54304923,1,1,25,2026-06-21T22:05:10.005553,6,11
2026-06-21 22:04:42,mediboard,전북특별자치도,0,0,A2500005,의료법인영경의료재단전주병원,2513,C,25,6,17,54304813,3,3,25,2026-06-21T22:05:10.005553,9,20
2026-06-21 22:04:42,mediboard,전북특별자치도,0,0,A2501890,의료법인영경의료재단호성전주병원,2512,D,25,3,9,54304703,1,1,25,2026-06-21T22:05:10.005553,4,10
2026-06-21 22:04:42,mediboard,전북특별자치도,0,0,A2500012,의료법인오성의료재단동군산병원,2502,C,25,15,17,54304970,6,6,25,2026-06-21T22:05:10.005553,21,23
2026-06-21 22:04:42,mediboard,전북특별자치도,0,0,E2500022,임실군보건의료원,2510,D,25,4,4,54304938,1,1,25,2026-06-21T22:05:10.005553,5,5
2026-06-21 22:04:42,mediboard,전북특별자치도,0,0,E2500020,장수군보건의료원,2511,D,25,5,5,54304778,1,1,25,2026-06-21T22:05:10.005553,6,6
2026-06-21 22:04:42,mediboard,전북특별자치도,0,0,A2500008,재단법인 아산사회복지재단 정읍아산병원,2514,C,25,17,17,54304651,3,3,25,2026-06-21T22:05:10.005553,20,20
2026-06-21 22:04:42,mediboard,전북특별자치도,7,12,A2500006,재단법인예수병원유지재단예수병원,2513,C,25,18,38,54304650,4,5,25,2026-06-21T22:05:10.005553,28,53
2026-06-21 22:04:42,mediboard,전북특별자치도,2,5,A2500002,전북대학교병원,2512,A,25,20,36,54304870,7,7,25,2026-06-21T22:05:10.005553,29,48
2026-06-21 22:04:42,mediboard,전북특별자치도,0,0,A2500007,전북특별자치도군산의료원,2502,C,25,11,17,54304814,3,3,25,2026-06-21T22:05:10.005553,14,20
2026-06-21 22:04:42,mediboard,전북특별자치도,0,0,A2500004,전북특별자치도남원의료원,2504,C,25,16,17,54304812,3,3,25,2026-06-21T22:05:10.005553,19,20
2026-06-21 22:04:42,mediboard,전북특별자치도,0,0,A2502031,진안군의료원,2515,D,25,6,6,54304872,2,2,25,2026-06-21T22:05:10.005553,8,8
2026-06-21 22:04:42,mediboard,전라남도,0,0,A2600029,곡성사랑병원,2603,D,26,4,5,54304874,1,1,26,2026-06-21T22:05:10.005553,5,6
2026-06-21 22:04:42,mediboard,전라남도,0,0,A2600006,광양사랑병원,2604,D,26,8,9,54304605,1,1,26,2026-06-21T22:05:10.005553,9,10
2026-06-21 22:04:42,mediboard,전라남도,0,0,A2600061,구례병원,2605,D,26,10,10,54304926,0,0,26,2026-06-21T22:05:10.005553,10,10
2026-06-21 22:04:42,mediboard,전라남도,0,0,A2600016,나주종합병원,2606,D,26,10,10,54304816,0,0,26,2026-06-21T22:05:10.005553,10,10
2026-06-21 22:04:42,mediboard,전라남도,0,0,A2600054,담양사랑병원,2607,D,26,5,6,54304820,2,2,26,2026-06-21T22:05:10.005553,7,8
2026-06-21 22:04:42,mediboard,전라남도,0,0,A2600003,대송의료재단무안병원,2609,D,26,2,4,54304924,1,1,26,2026-06-21T22:05:10.005553,3,5
2026-06-21 22:04:42,mediboard,전라남도,0,0,A2600020,목포기독병원,2608,D,26,3,17,54304653,3,3,26,2026-06-21T22:05:10.005553,6,20
2026-06-21 22:04:42,mediboard,전라남도,0,0,A2600022,목포시의료원,2608,D,26,9,9,54304975,1,1,26,2026-06-21T22:05:10.005553,10,10
2026-06-21 22:04:42,mediboard,전라남도,3,3,A2600011,목포한국병원,2608,A,26,9,18,54304764,5,5,26,2026-06-21T22:05:10.005553,17,26
2026-06-21 22:04:42,mediboard,전라남도,0,0,A2600052,보성아산병원,2610,D,26,8,8,54304979,1,1,26,2026-06-21T22:05:10.005553,9,9
2026-06-21 22:04:42,mediboard,전라남도,0,0,A2602211,빛가람종합병원,2606,D,26,6,9,54304707,1,1,26,2026-06-21T22:05:10.005553,7,10
2026-06-21 22:04:42,mediboard,전라남도,2,4,A2600019,성가롤로병원,2611,A,26,5,18,54304817,5,5,26,2026-06-21T22:05:10.005553,12,27
2026-06-21 22:04:42,mediboard,전라남도,0,0,A2600008,순천제일병원,2611,D,26,8,9,54304873,1,1,26,2026-06-21T22:05:10.005553,9,10
2026-06-21 22:04:42,mediboard,전라남도,0,0,A2600004,순천중앙병원,2611,D,26,3,5,54304815,1,1,26,2026-06-21T22:05:10.005553,4,6
2026-06-21 22:04:42,mediboard,전라남도,0,0,A2600010,여수전남병원,2613,D,26,9,10,54304973,1,1,26,2026-06-21T22:05:10.005553,10,11
2026-06-21 22:04:42,mediboard,전라남도,0,0,A2600014,여천전남병원,2613,C,26,17,17,54304652,3,3,26,2026-06-21T22:05:10.005553,20,20
2026-06-21 22:04:42,mediboard,전라남도,0,0,A2600015,영광종합병원,2614,D,26,6,10,54304925,3,3,26,2026-06-21T22:05:10.005553,9,13
2026-06-21 22:04:42,mediboard,전라남도,0,0,A2600070,영암한국병원,2615,D,26,7,8,54304927,0,1,26,2026-06-21T22:05:10.005553,7,9
2026-06-21 22:04:42,mediboard,전라남도,0,0,A2600032,완도대성병원,2616,D,26,4,5,54304766,1,1,26,2026-06-21T22:05:10.005553,5,6
2026-06-21 22:04:42,mediboard,전라남도,0,0,A2600034,의료법인 거명의료재단 영광기독병원,2614,D,26,8,10,54304819,1,1,26,2026-06-21T22:05:10.005553,9,11
2026-06-21 22:04:42,mediboard,전라남도,0,0,A2600017,의료법인목포구암의료재단목포중앙병원,2608,C,26,-1,16,54304705,4,4,26,2026-06-21T22:05:10.005553,3,20
2026-06-21 22:04:42,mediboard,전라남도,0,0,A2600066,의료법인삼호의료재단벌교삼호병원,2610,D,26,6,6,54304655,1,1,26,2026-06-21T22:05:10.005553,7,7
2026-06-21 22:04:42,mediboard,전라남도,0,0,A2600051,의료법인신안대우병원,2612,D,26,4,4,54304978,1,1,26,2026-06-21T22:05:10.005553,5,5
2026-06-21 22:04:42,mediboard,전라남도,0,0,A2600018,의료법인영성의료재단고흥종합병원,2602,D,26,8,10,54304765,0,0,26,2026-06-21T22:05:10.005553,8,10
2026-06-21 22:04:42,mediboard,전라남도,0,0,A2600021,의료법인우범의료재단장흥종합병원,2618,D,26,9,9,54304974,1,1,26,2026-06-21T22:05:10.005553,10,10
2026-06-21 22:04:42,mediboard,전라남도,0,0,A2600068,의료법인장호의료재단녹동현대병원,2602,D,26,2,3,54304821,2,2,26,2026-06-21T22:05:10.005553,4,5
2026-06-21 22:04:42,mediboard,전라남도,0,0,A2600005,의료법인한국의료재단한국병원,2611,D,26,7,11,54304604,1,1,26,2026-06-21T22:05:10.005553,8,12
2026-06-21 22:04:42,mediboard,전라남도,0,0,A2600027,의료법인한마음의료재단여수제일병원,2613,D,26,9,9,54304818,1,1,26,2026-06-21T22:05:10.005553,10,10
2026-06-21 22:04:42,mediboard,전라남도,0,0,A2600007,의료법인해민의료재단 세안종합병원,2608,D,26,5,7,54304606,2,2,26,2026-06-21T22:05:10.005553,7,9
2026-06-21 22:04:42,mediboard,전라남도,0,0,A2600035,의료법인행복나눔의료재단장성병원,2617,D,26,3,4,54304706,1,1,26,2026-06-21T22:05:10.005553,4,5
2026-06-21 22:04:42,mediboard,전라남도,0,0,A2600009,의료법인행촌의료재단해남종합병원,2621,D,26,8,10,54304972,1,1,26,2026-06-21T22:05:10.005553,9,11
2026-06-21 22:04:42,mediboard,전라남도,0,0,A2600024,의료법인현경의료재단광양서울병원,2604,D,26,9,9,54304976,1,1,26,2026-06-21T22:05:10.005553,10,10
2026-06-21 22:04:42,mediboard,전라남도,0,0,A2600037,장흥우리병원,2618,D,26,4,4,54304654,1,1,26,2026-06-21T22:05:10.005553,5,5
2026-06-21 22:04:42,mediboard,전라남도,0,0,A2600050,전라남도강진의료원,2601,D,26,7,9,54304875,1,1,26,2026-06-21T22:05:10.005553,8,10
2026-06-21 22:04:42,mediboard,전라남도,0,0,A2600056,전라남도순천의료원,2611,D,26,5,6,54304980,2,2,26,2026-06-21T22:05:10.005553,7,8
2026-06-21 22:04:42,mediboard,전라남도,0,0,A2600040,진도한국병원,2619,D,26,3,4,54304977,1,1,26,2026-06-21T22:05:10.005553,4,5
2026-06-21 22:04:42,mediboard,전라남도,0,0,A2600077,해남우리종합병원,2621,D,26,13,15,54304656,4,4,26,2026-06-21T22:05:10.005553,17,19
2026-06-21 22:04:42,mediboard,전라남도,1,1,A2600001,화순전남대학교병원,2622,C,26,14,16,54304704,7,7,26,2026-06-21T22:05:10.005553,22,24
2026-06-21 22:04:42,mediboard,경상북도,0,0,A2700018,경상북도김천의료원,2706,D,27,9,17,54304827,1,1,27,2026-06-21T22:05:10.005553,10,18
2026-06-21 22:04:42,mediboard,경상북도,0,0,A2700001,경상북도안동의료원,2711,D,27,6,6,54304607,2,2,27,2026-06-21T22:05:10.005553,8,8
2026-06-21 22:04:42,mediboard,경상북도,0,0,A2700005,경상북도포항의료원,2724,D,27,7,8,54304822,2,2,27,2026-06-21T22:05:10.005553,9,10
2026-06-21 22:04:42,mediboard,경상북도,0,0,A2700097,계명대학교경주동산병원,2702,D,27,5,9,54304876,1,1,27,2026-06-21T22:05:10.005553,6,10
2026-06-21 22:04:42,mediboard,경상북도,0,0,A2700015,구미강동병원,2704,D,27,7,7,54304826,2,3,27,2026-06-21T22:05:10.005553,9,10
2026-06-21 22:04:42,mediboard,경상북도,3,3,A2700003,동국대학교의과대학경주병원,2702,C,27,15,16,54304928,7,7,27,2026-06-21T22:05:10.005553,25,26
2026-06-21 22:04:42,mediboard,경상북도,0,0,A2700011,상주적십자병원,2709,D,27,9,9,54304981,1,1,27,2026-06-21T22:05:10.005553,10,10
2026-06-21 22:04:42,mediboard,경상북도,3,4,A2700013,순천향대학교부속구미병원,2704,C,27,4,13,54304710,3,3,27,2026-06-21T22:05:10.005553,10,20
2026-06-21 22:04:42,mediboard,경상북도,0,0,A2700004,안동성소병원,2711,C,27,7,12,54304608,8,8,27,2026-06-21T22:05:10.005553,15,20
2026-06-21 22:04:42,mediboard,경상북도,0,0,A2700008,에스포항병원,2723,D,27,4,6,54304824,1,1,27,2026-06-21T22:05:10.005553,5,7
2026-06-21 22:04:42,mediboard,경상북도,0,0,A2700017,영남대학교의과대학부속영천병원,2715,D,27,9,10,54304768,2,3,27,2026-06-21T22:05:10.005553,11,13
2026-06-21 22:04:42,mediboard,경상북도,0,0,A2700031,영주기독병원,2714,D,27,3,4,54304658,1,1,27,2026-06-21T22:05:10.005553,4,5
2026-06-21 22:04:42,mediboard,경상북도,0,0,A2700020,영주자인병원,2714,D,27,4,4,54304769,1,1,27,2026-06-21T22:05:10.005553,5,5
2026-06-21 22:04:42,mediboard,경상북도,0,0,A2702752,영주적십자병원,2714,D,27,2,10,54304712,1,1,27,2026-06-21T22:05:10.005553,3,11
2026-06-21 22:04:42,mediboard,경상북도,0,0,E2700553,울릉군보건의료원,2717,D,27,1,5,54304614,0,0,27,2026-06-21T22:05:10.005553,1,5
2026-06-21 22:04:42,mediboard,경상북도,0,0,A2700052,울진군의료원,2718,D,27,6,8,54304660,2,2,27,2026-06-21T22:05:10.005553,8,10
2026-06-21 22:04:42,mediboard,경상북도,0,0,A2700019,의)근원의료재단경산중앙병원,2701,D,27,6,10,54304657,2,2,27,2026-06-21T22:05:10.005553,8,12
2026-06-21 22:04:42,mediboard,경상북도,0,0,A2700038,의료법인대남의료재단청도대남병원,2720,D,27,9,10,54304982,0,0,27,2026-06-21T22:05:10.005553,9,10
2026-06-21 22:04:42,mediboard,경상북도,0,0,A2700012,의료법인덕산의료재단김천제일병원,2706,C,27,12,16,54304825,4,4,27,2026-06-21T22:05:10.005553,16,20
2026-06-21 22:04:42,mediboard,경상북도,0,0,A2700006,의료법인동춘의료재단문경제일병원,2707,C,27,14,17,54304823,1,3,27,2026-06-21T22:05:10.005553,15,20
2026-06-21 22:04:42,mediboard,경상북도,0,0,A2700009,의료법인삼백의료재단상주성모병원,2709,D,27,9,9,54304929,1,1,27,2026-06-21T22:05:10.005553,10,10
2026-06-21 22:04:42,mediboard,경상북도,0,0,A2700036,의료법인서명의료재단세명종합병원,2701,D,27,1,13,54304659,2,2,27,2026-06-21T22:05:10.005553,3,15
2026-06-21 22:04:42,mediboard,경상북도,0,0,A2700023,의료법인서준의료재단예천권병원,2716,D,27,6,6,54304711,1,1,27,2026-06-21T22:05:10.005553,7,7
2026-06-21 22:04:42,mediboard,경상북도,2,3,A2700014,의료법인안동병원,2711,A,27,10,17,54304609,4,5,27,2026-06-21T22:05:10.005553,16,25
2026-06-21 22:04:42,mediboard,경상북도,0,0,A2700070,의료법인영암의료재단고령영생병원,2703,D,27,5,5,54304771,1,1,27,2026-06-21T22:05:10.005553,6,6
2026-06-21 22:04:42,mediboard,경상북도,0,0,A2700063,의료법인영제의료재단영남제일병원,2719,D,27,4,5,54304770,1,1,27,2026-06-21T22:05:10.005553,5,6
2026-06-21 22:04:42,mediboard,경상북도,0,0,A2702563,의료법인은성의료재단좋은선린병원,2724,D,27,10,10,54304772,2,2,27,2026-06-21T22:05:10.005553,12,12
2026-06-21 22:04:42,mediboard,경상북도,5,5,A2700007,차의과학대학교부속구미차병원,2704,A,27,10,20,54304709,6,12,27,2026-06-21T22:05:10.005553,21,37
2026-06-21 22:04:42,mediboard,경상북도,0,0,E2700554,청송군보건의료원,2721,D,27,5,5,54304836,1,1,27,2026-06-21T22:05:10.005553,6,6
2026-06-21 22:04:42,mediboard,경상북도,11,11,A2700016,포항성모병원,2723,A,27,6,20,54304767,5,15,27,2026-06-21T22:05:10.005553,22,46
2026-06-21 22:04:42,mediboard,경상북도,0,0,A2700002,포항세명기독병원,2723,C,27,9,15,54304708,10,10,27,2026-06-21T22:05:10.005553,19,25
2026-06-21 22:04:42,mediboard,경상남도,0,0,A2800032,강병원,2803,D,28,7,9,54304879,1,1,28,2026-06-21T22:05:10.005553,8,10
2026-06-21 22:04:42,mediboard,경상남도,0,0,A2803677,강일병원,2804,D,28,6,8,54304717,3,3,28,2026-06-21T22:05:10.005553,9,11
2026-06-21 22:04:42,mediboard,경상남도,0,0,A2800076,거창적십자병원,2802,D,28,5,9,54304882,1,1,28,2026-06-21T22:05:10.005553,6,10
2026-06-21 22:04:42,mediboard,경상남도,3,3,A2800001,경상국립대학교병원,2811,A,28,14,30,54304930,5,5,28,2026-06-21T22:05:10.005553,22,38
2026-06-21 22:04:42,mediboard,경상남도,0,0,A2800025,경상남도마산의료원,2813,D,28,10,13,54304715,2,2,28,2026-06-21T22:05:10.005553,12,15
2026-06-21 22:04:42,mediboard,경상남도,0,0,A2800113,밀양병원,2806,D,28,5,8,54304935,1,1,28,2026-06-21T22:05:10.005553,6,9
2026-06-21 22:04:42,mediboard,경상남도,0,0,A2800084,반도병원,2811,D,28,6,7,54304833,1,1,28,2026-06-21T22:05:10.005553,7,8
2026-06-21 22:04:42,mediboard,경상남도,0,0,A2800019,베데스다복음병원,2809,D,28,7,9,54304932,1,1,28,2026-06-21T22:05:10.005553,8,10
2026-06-21 22:04:42,mediboard,경상남도,0,0,E2800380,산청군보건의료원,2808,D,28,5,5,54304721,1,1,28,2026-06-21T22:05:10.005553,6,6
2026-06-21 22:04:42,mediboard,경상남도,0,0,A2800055,삼성합천병원,2822,D,28,4,4,54304880,1,1,28,2026-06-21T22:05:10.005553,5,5
2026-06-21 22:04:42,mediboard,경상남도,0,0,A2800101,삼천포제일병원,2807,D,28,8,8,54304716,2,2,28,2026-06-21T22:05:10.005553,10,10
2026-06-21 22:04:42,mediboard,경상남도,0,0,A2800092,새통영병원,2818,D,28,4,9,54304663,1,1,28,2026-06-21T22:05:10.005553,5,10
2026-06-21 22:04:42,mediboard,경상남도,3,10,A2800011,양산부산대학교병원,2809,A,28,11,23,54304773,5,8,28,2026-06-21T22:05:10.005553,17,39
2026-06-21 22:04:42,mediboard,경상남도,0,0,A2804593,양산성모병원,2809,D,28,12,13,54304718,1,1,28,2026-06-21T22:05:10.005553,13,14
2026-06-21 22:04:42,mediboard,경상남도,0,0,A2800021,연세에스병원,2817,D,28,9,9,54304662,1,1,28,2026-06-21T22:05:10.005553,10,10
2026-06-21 22:04:42,mediboard,경상남도,0,0,A2800090,의령병원,2810,D,28,4,4,54304775,1,1,28,2026-06-21T22:05:10.005553,5,5
2026-06-21 22:04:42,mediboard,경상남도,0,0,A2800008,의료법인 거붕 백병원,2801,D,28,7,9,54304829,1,1,28,2026-06-21T22:05:10.005553,8,10
2026-06-21 22:04:42,mediboard,경상남도,0,0,A2800005,의료법인 대우의료재단대우병원,2801,D,28,6,9,54304610,1,1,28,2026-06-21T22:05:10.005553,7,10
2026-06-21 22:04:42,mediboard,경상남도,0,0,A2800015,의료법인 문병욱의료재단 진주고려병원,2811,D,28,7,10,54304931,1,1,28,2026-06-21T22:05:10.005553,8,11
2026-06-21 22:04:42,mediboard,경상남도,0,0,A2800022,의료법인 성념의료재단맑은샘병원,2801,D,28,7,9,54304983,1,1,28,2026-06-21T22:05:10.005553,8,10
2026-06-21 22:04:42,mediboard,경상남도,0,0,A2800094,의료법인 이도의료재단 남해병원,2805,D,28,7,8,54304776,2,2,28,2026-06-21T22:05:10.005553,9,10
2026-06-21 22:04:42,mediboard,경상남도,0,0,A2800014,의료법인갑을의료재단 갑을장유병원,2804,D,28,6,9,54304831,1,1,28,2026-06-21T22:05:10.005553,7,10
2026-06-21 22:04:42,mediboard,경상남도,0,0,A2800006,의료법인숭인의료재단 김해복음병원,2804,C,28,11,16,54304877,4,4,28,2026-06-21T22:05:10.005553,15,20
2026-06-21 22:04:42,mediboard,경상남도,0,0,A2800068,의료법인승연의료재단 삼천포서울병원,2807,D,28,9,9,54304881,1,1,28,2026-06-21T22:05:10.005553,10,10
2026-06-21 22:04:42,mediboard,경상남도,0,0,A2800009,의료법인청아의료재단청아병원,2814,D,28,8,9,54304830,1,1,28,2026-06-21T22:05:10.005553,9,10
2026-06-21 22:04:42,mediboard,경상남도,0,0,A2800017,의료법인합포의료재단에스엠지연세병원,2813,C,28,11,17,54304774,3,3,28,2026-06-21T22:05:10.005553,14,20
2026-06-21 22:04:42,mediboard,경상남도,0,0,A2800010,의료법인환명의료재단 조은금강병원,2804,C,28,13,17,54304714,3,3,28,2026-06-21T22:05:10.005553,16,20
2026-06-21 22:04:42,mediboard,경상남도,0,0,A2800003,제일병원,2811,C,28,13,17,54304713,3,3,28,2026-06-21T22:05:10.005553,16,20
2026-06-21 22:04:42,mediboard,경상남도,0,0,A2800037,진주복음병원,2811,D,28,6,9,54304611,1,1,28,2026-06-21T22:05:10.005553,7,10
2026-06-21 22:04:42,mediboard,경상남도,0,0,A2803505,창원경상국립대학교병원,2815,C,28,16,18,54304664,3,10,28,2026-06-21T22:05:10.005553,19,28
2026-06-21 22:04:42,mediboard,경상남도,0,0,A2800004,창원파티마병원,2816,C,28,5,17,54304828,3,3,28,2026-06-21T22:05:10.005553,8,20
2026-06-21 22:04:42,mediboard,경상남도,0,0,A2800007,창원한마음병원,2816,C,28,5,21,54304878,4,4,28,2026-06-21T22:05:10.005553,9,25
2026-06-21 22:04:42,mediboard,경상남도,0,0,A2800062,태황의료재단한성병원,2812,D,28,9,9,54304934,1,1,28,2026-06-21T22:05:10.005553,10,10
2026-06-21 22:04:42,mediboard,경상남도,3,3,A2800020,학교법인성균관대학삼성창원병원,2814,A,28,5,18,54304661,4,5,28,2026-06-21T22:05:10.005553,12,26
2026-06-21 22:04:42,mediboard,경상남도,0,0,A2800043,한일병원,2811,C,28,16,17,54304933,3,3,28,2026-06-21T22:05:10.005553,19,20
2026-06-21 22:04:42,mediboard,경상남도,0,0,A2800080,함양성심병원,2821,D,28,3,4,54304832,1,1,28,2026-06-21T22:05:10.005553,4,5
2026-06-21 22:04:42,mediboard,제주특별자치도,0,0,A2900003,의료법인 혜인의료재단 한국병원,2902,D,29,-1,9,54304883,0,1,29,2026-06-21T22:05:10.005553,-1,10
2026-06-21 22:04:42,mediboard,제주특별자치도,1,1,A2900006,의료법인중앙의료재단중앙병원,2902,C,29,6,16,54304719,3,3,29,2026-06-21T22:05:10.005553,10,20
2026-06-21 22:04:42,mediboard,제주특별자치도,0,0,A2900007,제주대학교병원,2902,C,29,5,20,54304834,3,6,29,2026-06-21T22:05:10.005553,8,26
2026-06-21 22:04:42,mediboard,제주특별자치도,3,4,A2900002,제주특별자치도서귀포의료원,2901,C,29,7,16,54304665,5,5,29,2026-06-21T22:05:10.005553,15,25
2026-06-21 22:04:42,mediboard,제주특별자치도,3,3,A2900001,제주한라병원,2902,A,29,2,17,54304984,5,5,29,2026-06-21T22:05:10.005553,10,25
2026-06-21 22:04:42,mediboard,제주특별자치도,0,0,A2900005,한마음병원,2902,C,29,6,17,54304936,1,3,29,2026-06-21T22:05:10.005553,7,20
